-21.066558  55.209824
-21.043326  55.209824
-21.124638  55.232896
-21.101406  55.232896
-21.078174  55.232896
-21.054942  55.232896
-21.031710  55.232896
-21.159486  55.255968
-21.136254  55.255968
-21.113022  55.255968
-21.089790  55.255968
-21.066558  55.255968
-21.043326  55.255968
-21.020094  55.255968
-21.194334  55.279040
-21.171102  55.279040
-21.147870  55.279040
-21.124638  55.279040
-21.101406  55.279040
-21.078174  55.279040
-21.054942  55.279040
-21.031710  55.279040
-21.008478  55.279040
-20.985247  55.279040
-20.962015  55.279040
-21.252414  55.302112
-21.229182  55.302112
-21.205950  55.302112
-21.182718  55.302112
-21.159486  55.302112
-21.136254  55.302112
-21.113022  55.302112
-21.089790  55.302112
-21.066558  55.302112
-21.043326  55.302112
-21.020094  55.302112
-20.996862  55.302112
-20.973631  55.302112
-20.950399  55.302112
-20.927167  55.302112
-21.287261  55.325184
-21.264030  55.325184
-21.240798  55.325184
-21.217566  55.325184
-21.194334  55.325184
-21.171102  55.325184
-21.147870  55.325184
-21.124638  55.325184
-21.101406  55.325184
-21.078174  55.325184
-21.054942  55.325184
-21.031710  55.325184
-21.008478  55.325184
-20.985247  55.325184
-20.962015  55.325184
-20.938783  55.325184
-21.298877  55.348256
-21.275645  55.348256
-21.252414  55.348256
-21.229182  55.348256
-21.205950  55.348256
-21.182718  55.348256
-21.159486  55.348256
-21.136254  55.348256
-21.113022  55.348256
-21.089790  55.348256
-21.066558  55.348256
-21.043326  55.348256
-21.020094  55.348256
-20.996862  55.348256
-20.973631  55.348256
-20.950399  55.348256
-20.927167  55.348256
-21.287261  55.371328
-21.264030  55.371328
-21.240798  55.371328
-21.217566  55.371328
-21.194334  55.371328
-21.171102  55.371328
-21.147870  55.371328
-21.124638  55.371328
-21.101406  55.371328
-21.078174  55.371328
-21.054942  55.371328
-21.031710  55.371328
-21.008478  55.371328
-20.985247  55.371328
-20.962015  55.371328
-20.938783  55.371328
-20.915551  55.371328
-21.298877  55.394400
-21.275645  55.394400
-21.252414  55.394400
-21.229182  55.394400
-21.205950  55.394400
-21.182718  55.394400
-21.159486  55.394400
-21.136254  55.394400
-21.113022  55.394400
-21.089790  55.394400
-21.066558  55.394400
-21.043326  55.394400
-21.020094  55.394400
-20.996862  55.394400
-20.973631  55.394400
-20.950399  55.394400
-20.927167  55.394400
-20.903935  55.394400
-21.310493  55.417472
-21.287261  55.417472
-21.264030  55.417472
-21.240798  55.417472
-21.217566  55.417472
-21.194334  55.417472
-21.171102  55.417472
-21.147870  55.417472
-21.124638  55.417472
-21.101406  55.417472
-21.078174  55.417472
-21.054942  55.417472
-21.031710  55.417472
-21.008478  55.417472
-20.985247  55.417472
-20.962015  55.417472
-20.938783  55.417472
-20.915551  55.417472
-20.892319  55.417472
-21.322109  55.440544
-21.298877  55.440544
-21.275645  55.440544
-21.252414  55.440544
-21.229182  55.440544
-21.205950  55.440544
-21.182718  55.440544
-21.159486  55.440544
-21.136254  55.440544
-21.113022  55.440544
-21.089790  55.440544
-21.066558  55.440544
-21.043326  55.440544
-21.020094  55.440544
-20.996862  55.440544
-20.973631  55.440544
-20.950399  55.440544
-20.927167  55.440544
-20.903935  55.440544
-20.880703  55.440544
-21.333725  55.463616
-21.310493  55.463616
-21.287261  55.463616
-21.264030  55.463616
-21.240798  55.463616
-21.217566  55.463616
-21.194334  55.463616
-21.171102  55.463616
-21.147870  55.463616
-21.124638  55.463616
-21.101406  55.463616
-21.078174  55.463616
-21.054942  55.463616
-21.031710  55.463616
-21.008478  55.463616
-20.985247  55.463616
-20.962015  55.463616
-20.938783  55.463616
-20.915551  55.463616
-20.892319  55.463616
-20.869087  55.463616
-21.345341  55.486688
-21.322109  55.486688
-21.298877  55.486688
-21.275645  55.486688
-21.252414  55.486688
-21.229182  55.486688
-21.205950  55.486688
-21.182718  55.486688
-21.159486  55.486688
-21.136254  55.486688
-21.113022  55.486688
-21.089790  55.486688
-21.066558  55.486688
-21.043326  55.486688
-21.020094  55.486688
-20.996862  55.486688
-20.973631  55.486688
-20.950399  55.486688
-20.927167  55.486688
-20.903935  55.486688
-20.880703  55.486688
-21.356957  55.509760
-21.333725  55.509760
-21.310493  55.509760
-21.287261  55.509760
-21.264030  55.509760
-21.240798  55.509760
-21.217566  55.509760
-21.194334  55.509760
-21.171102  55.509760
-21.147870  55.509760
-21.124638  55.509760
-21.101406  55.509760
-21.078174  55.509760
-21.054942  55.509760
-21.031710  55.509760
-21.008478  55.509760
-20.985247  55.509760
-20.962015  55.509760
-20.938783  55.509760
-20.915551  55.509760
-20.892319  55.509760
-21.345341  55.532832
-21.322109  55.532832
-21.298877  55.532832
-21.275645  55.532832
-21.252414  55.532832
-21.229182  55.532832
-21.205950  55.532832
-21.182718  55.532832
-21.159486  55.532832
-21.136254  55.532832
-21.113022  55.532832
-21.089790  55.532832
-21.066558  55.532832
-21.043326  55.532832
-21.020094  55.532832
-20.996862  55.532832
-20.973631  55.532832
-20.950399  55.532832
-20.927167  55.532832
-20.903935  55.532832
-20.880703  55.532832
-21.356957  55.555904
-21.333725  55.555904
-21.310493  55.555904
-21.287261  55.555904
-21.264030  55.555904
-21.240798  55.555904
-21.217566  55.555904
-21.194334  55.555904
-21.171102  55.555904
-21.147870  55.555904
-21.124638  55.555904
-21.101406  55.555904
-21.078174  55.555904
-21.054942  55.555904
-21.031710  55.555904
-21.008478  55.555904
-20.985247  55.555904
-20.962015  55.555904
-20.938783  55.555904
-20.915551  55.555904
-20.892319  55.555904
-21.368573  55.578976
-21.345341  55.578976
-21.322109  55.578976
-21.298877  55.578976
-21.275645  55.578976
-21.252414  55.578976
-21.229182  55.578976
-21.205950  55.578976
-21.182718  55.578976
-21.159486  55.578976
-21.136254  55.578976
-21.113022  55.578976
-21.089790  55.578976
-21.066558  55.578976
-21.043326  55.578976
-21.020094  55.578976
-20.996862  55.578976
-20.973631  55.578976
-20.950399  55.578976
-20.927167  55.578976
-20.903935  55.578976
-21.380189  55.602048
-21.356957  55.602048
-21.333725  55.602048
-21.310493  55.602048
-21.287261  55.602048
-21.264030  55.602048
-21.240798  55.602048
-21.217566  55.602048
-21.194334  55.602048
-21.171102  55.602048
-21.147870  55.602048
-21.124638  55.602048
-21.101406  55.602048
-21.078174  55.602048
-21.054942  55.602048
-21.031710  55.602048
-21.008478  55.602048
-20.985247  55.602048
-20.962015  55.602048
-20.938783  55.602048
-20.915551  55.602048
-21.391805  55.625120
-21.368573  55.625120
-21.345341  55.625120
-21.322109  55.625120
-21.298877  55.625120
-21.275645  55.625120
-21.252414  55.625120
-21.229182  55.625120
-21.205950  55.625120
-21.182718  55.625120
-21.159486  55.625120
-21.136254  55.625120
-21.113022  55.625120
-21.089790  55.625120
-21.066558  55.625120
-21.043326  55.625120
-21.020094  55.625120
-20.996862  55.625120
-20.973631  55.625120
-20.950399  55.625120
-20.927167  55.625120
-21.380189  55.648192
-21.356957  55.648192
-21.333725  55.648192
-21.310493  55.648192
-21.287261  55.648192
-21.264030  55.648192
-21.240798  55.648192
-21.217566  55.648192
-21.194334  55.648192
-21.171102  55.648192
-21.147870  55.648192
-21.124638  55.648192
-21.101406  55.648192
-21.078174  55.648192
-21.054942  55.648192
-21.031710  55.648192
-21.008478  55.648192
-20.985247  55.648192
-20.962015  55.648192
-20.938783  55.648192
-20.915551  55.648192
-21.391805  55.671264
-21.368573  55.671264
-21.345341  55.671264
-21.322109  55.671264
-21.298877  55.671264
-21.275645  55.671264
-21.252414  55.671264
-21.229182  55.671264
-21.205950  55.671264
-21.182718  55.671264
-21.159486  55.671264
-21.136254  55.671264
-21.113022  55.671264
-21.089790  55.671264
-21.066558  55.671264
-21.043326  55.671264
-21.020094  55.671264
-20.996862  55.671264
-20.973631  55.671264
-20.950399  55.671264
-20.927167  55.671264
-21.380189  55.694336
-21.356957  55.694336
-21.333725  55.694336
-21.310493  55.694336
-21.287261  55.694336
-21.264030  55.694336
-21.240798  55.694336
-21.217566  55.694336
-21.194334  55.694336
-21.171102  55.694336
-21.147870  55.694336
-21.124638  55.694336
-21.101406  55.694336
-21.078174  55.694336
-21.054942  55.694336
-21.031710  55.694336
-21.008478  55.694336
-20.985247  55.694336
-20.962015  55.694336
-20.938783  55.694336
-21.391805  55.717408
-21.368573  55.717408
-21.345341  55.717408
-21.322109  55.717408
-21.298877  55.717408
-21.275645  55.717408
-21.252414  55.717408
-21.229182  55.717408
-21.205950  55.717408
-21.182718  55.717408
-21.159486  55.717408
-21.136254  55.717408
-21.113022  55.717408
-21.089790  55.717408
-21.066558  55.717408
-21.043326  55.717408
-21.020094  55.717408
-20.996862  55.717408
-20.973631  55.717408
-21.380189  55.740480
-21.356957  55.740480
-21.333725  55.740480
-21.310493  55.740480
-21.287261  55.740480
-21.264030  55.740480
-21.240798  55.740480
-21.217566  55.740480
-21.194334  55.740480
-21.171102  55.740480
-21.147870  55.740480
-21.124638  55.740480
-21.101406  55.740480
-21.078174  55.740480
-21.054942  55.740480
-21.031710  55.740480
-21.008478  55.740480
-21.368573  55.763552
-21.345341  55.763552
-21.322109  55.763552
-21.298877  55.763552
-21.275645  55.763552
-21.252414  55.763552
-21.229182  55.763552
-21.205950  55.763552
-21.182718  55.763552
-21.159486  55.763552
-21.136254  55.763552
-21.113022  55.763552
-21.089790  55.763552
-21.066558  55.763552
-21.043326  55.763552
-21.380189  55.786624
-21.356957  55.786624
-21.333725  55.786624
-21.310493  55.786624
-21.287261  55.786624
-21.264030  55.786624
-21.240798  55.786624
-21.217566  55.786624
-21.194334  55.786624
-21.171102  55.786624
-21.147870  55.786624
-21.124638  55.786624
-21.101406  55.786624
-21.078174  55.786624
-21.345341  55.809696
-21.322109  55.809696
-21.298877  55.809696
-21.275645  55.809696
-21.252414  55.809696
-21.229182  55.809696
-21.205950  55.809696
-21.182718  55.809696
-21.159486  55.809696
-21.136254  55.809696
-21.113022  55.809696
-21.240798  55.832768
-21.217566  55.832768
-21.194334  55.832768
-21.171102  55.832768
-21.147870  55.832768
-21.124638  55.832768
