  1   5
  1   6
  1   2
  2   6
  2   7
  3   9
  3  10
  3   4
  4  10
  4  11
  4   5
  5  11
  5  12
  5   6
  6  12
  6  13
  6   7
  7  13
  7  14
  8  16
  8  17
  8   9
  9  17
  9  18
  9  10
 10  18
 10  19
 10  11
 11  19
 11  20
 11  12
 12  20
 12  21
 12  13
 13  21
 13  22
 13  14
 14  22
 14  23
 15  28
 15  29
 15  16
 16  29
 16  30
 16  17
 17  30
 17  31
 17  18
 18  31
 18  32
 18  19
 19  32
 19  33
 19  20
 20  33
 20  34
 20  21
 21  34
 21  35
 21  22
 22  35
 22  36
 22  23
 23  36
 23  37
 23  24
 24  37
 24  38
 24  25
 25  38
 25  39
 26  42
 26  43
 26  27
 27  43
 27  44
 27  28
 28  44
 28  45
 28  29
 29  45
 29  46
 29  30
 30  46
 30  47
 30  31
 31  47
 31  48
 31  32
 32  48
 32  49
 32  33
 33  49
 33  50
 33  34
 34  50
 34  51
 34  35
 35  51
 35  52
 35  36
 36  52
 36  53
 36  37
 37  53
 37  54
 37  38
 38  54
 38  55
 38  39
 39  55
 39  56
 39  40
 40  56
 41  57
 41  58
 41  42
 42  58
 42  59
 42  43
 43  59
 43  60
 43  44
 44  60
 44  61
 44  45
 45  61
 45  62
 45  46
 46  62
 46  63
 46  47
 47  63
 47  64
 47  48
 48  64
 48  65
 48  49
 49  65
 49  66
 49  50
 50  66
 50  67
 50  51
 51  67
 51  68
 51  52
 52  68
 52  69
 52  53
 53  69
 53  70
 53  54
 54  70
 54  71
 54  55
 55  71
 55  72
 55  56
 56  72
 56  73
 57  74
 57  58
 58  74
 58  75
 58  59
 59  75
 59  76
 59  60
 60  76
 60  77
 60  61
 61  77
 61  78
 61  62
 62  78
 62  79
 62  63
 63  79
 63  80
 63  64
 64  80
 64  81
 64  65
 65  81
 65  82
 65  66
 66  82
 66  83
 66  67
 67  83
 67  84
 67  68
 68  84
 68  85
 68  69
 69  85
 69  86
 69  70
 70  86
 70  87
 70  71
 71  87
 71  88
 71  72
 72  88
 72  89
 72  73
 73  89
 73  90
 74  91
 74  92
 74  75
 75  92
 75  93
 75  76
 76  93
 76  94
 76  77
 77  94
 77  95
 77  78
 78  95
 78  96
 78  79
 79  96
 79  97
 79  80
 80  97
 80  98
 80  81
 81  98
 81  99
 81  82
 82  99
 82 100
 82  83
 83 100
 83 101
 83  84
 84 101
 84 102
 84  85
 85 102
 85 103
 85  86
 86 103
 86 104
 86  87
 87 104
 87 105
 87  88
 88 105
 88 106
 88  89
 89 106
 89 107
 89  90
 90 107
 90 108
 91 109
 91 110
 91  92
 92 110
 92 111
 92  93
 93 111
 93 112
 93  94
 94 112
 94 113
 94  95
 95 113
 95 114
 95  96
 96 114
 96 115
 96  97
 97 115
 97 116
 97  98
 98 116
 98 117
 98  99
 99 117
 99 118
 99 100
100 118
100 119
100 101
101 119
101 120
101 102
102 120
102 121
102 103
103 121
103 122
103 104
104 122
104 123
104 105
105 123
105 124
105 106
106 124
106 125
106 107
107 125
107 126
107 108
108 126
108 127
109 128
109 129
109 110
110 129
110 130
110 111
111 130
111 131
111 112
112 131
112 132
112 113
113 132
113 133
113 114
114 133
114 134
114 115
115 134
115 135
115 116
116 135
116 136
116 117
117 136
117 137
117 118
118 137
118 138
118 119
119 138
119 139
119 120
120 139
120 140
120 121
121 140
121 141
121 122
122 141
122 142
122 123
123 142
123 143
123 124
124 143
124 144
124 125
125 144
125 145
125 126
126 145
126 146
126 127
127 146
127 147
128 148
128 149
128 129
129 149
129 150
129 130
130 150
130 151
130 131
131 151
131 152
131 132
132 152
132 153
132 133
133 153
133 154
133 134
134 154
134 155
134 135
135 155
135 156
135 136
136 156
136 157
136 137
137 157
137 158
137 138
138 158
138 159
138 139
139 159
139 160
139 140
140 160
140 161
140 141
141 161
141 162
141 142
142 162
142 163
142 143
143 163
143 164
143 144
144 164
144 165
144 145
145 165
145 166
145 146
146 166
146 167
146 147
147 167
147 168
148 169
148 170
148 149
149 170
149 171
149 150
150 171
150 172
150 151
151 172
151 173
151 152
152 173
152 174
152 153
153 174
153 175
153 154
154 175
154 176
154 155
155 176
155 177
155 156
156 177
156 178
156 157
157 178
157 179
157 158
158 179
158 180
158 159
159 180
159 181
159 160
160 181
160 182
160 161
161 182
161 183
161 162
162 183
162 184
162 163
163 184
163 185
163 164
164 185
164 186
164 165
165 186
165 187
165 166
166 187
166 188
166 167
167 188
167 189
167 168
168 189
169 190
169 191
169 170
170 191
170 192
170 171
171 192
171 193
171 172
172 193
172 194
172 173
173 194
173 195
173 174
174 195
174 196
174 175
175 196
175 197
175 176
176 197
176 198
176 177
177 198
177 199
177 178
178 199
178 200
178 179
179 200
179 201
179 180
180 201
180 202
180 181
181 202
181 203
181 182
182 203
182 204
182 183
183 204
183 205
183 184
184 205
184 206
184 185
185 206
185 207
185 186
186 207
186 208
186 187
187 208
187 209
187 188
188 209
188 210
188 189
189 210
190 211
190 191
191 211
191 212
191 192
192 212
192 213
192 193
193 213
193 214
193 194
194 214
194 215
194 195
195 215
195 216
195 196
196 216
196 217
196 197
197 217
197 218
197 198
198 218
198 219
198 199
199 219
199 220
199 200
200 220
200 221
200 201
201 221
201 222
201 202
202 222
202 223
202 203
203 223
203 224
203 204
204 224
204 225
204 205
205 225
205 226
205 206
206 226
206 227
206 207
207 227
207 228
207 208
208 228
208 229
208 209
209 229
209 230
209 210
210 230
210 231
211 232
211 233
211 212
212 233
212 234
212 213
213 234
213 235
213 214
214 235
214 236
214 215
215 236
215 237
215 216
216 237
216 238
216 217
217 238
217 239
217 218
218 239
218 240
218 219
219 240
219 241
219 220
220 241
220 242
220 221
221 242
221 243
221 222
222 243
222 244
222 223
223 244
223 245
223 224
224 245
224 246
224 225
225 246
225 247
225 226
226 247
226 248
226 227
227 248
227 249
227 228
228 249
228 250
228 229
229 250
229 251
229 230
230 251
230 252
230 231
231 252
232 253
232 254
232 233
233 254
233 255
233 234
234 255
234 256
234 235
235 256
235 257
235 236
236 257
236 258
236 237
237 258
237 259
237 238
238 259
238 260
238 239
239 260
239 261
239 240
240 261
240 262
240 241
241 262
241 263
241 242
242 263
242 264
242 243
243 264
243 265
243 244
244 265
244 266
244 245
245 266
245 267
245 246
246 267
246 268
246 247
247 268
247 269
247 248
248 269
248 270
248 249
249 270
249 271
249 250
250 271
250 272
250 251
251 272
251 273
251 252
252 273
253 274
253 275
253 254
254 275
254 276
254 255
255 276
255 277
255 256
256 277
256 278
256 257
257 278
257 279
257 258
258 279
258 280
258 259
259 280
259 281
259 260
260 281
260 282
260 261
261 282
261 283
261 262
262 283
262 284
262 263
263 284
263 285
263 264
264 285
264 286
264 265
265 286
265 287
265 266
266 287
266 288
266 267
267 288
267 289
267 268
268 289
268 290
268 269
269 290
269 291
269 270
270 291
270 292
270 271
271 292
271 293
271 272
272 293
272 294
272 273
273 294
274 295
274 296
274 275
275 296
275 297
275 276
276 297
276 298
276 277
277 298
277 299
277 278
278 299
278 300
278 279
279 300
279 301
279 280
280 301
280 302
280 281
281 302
281 303
281 282
282 303
282 304
282 283
283 304
283 305
283 284
284 305
284 306
284 285
285 306
285 307
285 286
286 307
286 308
286 287
287 308
287 309
287 288
288 309
288 310
288 289
289 310
289 311
289 290
290 311
290 312
290 291
291 312
291 313
291 292
292 313
292 314
292 293
293 314
293 315
293 294
294 315
295 316
295 296
296 316
296 317
296 297
297 317
297 318
297 298
298 318
298 319
298 299
299 319
299 320
299 300
300 320
300 321
300 301
301 321
301 322
301 302
302 322
302 323
302 303
303 323
303 324
303 304
304 324
304 325
304 305
305 325
305 326
305 306
306 326
306 327
306 307
307 327
307 328
307 308
308 328
308 329
308 309
309 329
309 330
309 310
310 330
310 331
310 311
311 331
311 332
311 312
312 332
312 333
312 313
313 333
313 334
313 314
314 334
314 335
314 315
315 335
315 336
316 337
316 338
316 317
317 338
317 339
317 318
318 339
318 340
318 319
319 340
319 341
319 320
320 341
320 342
320 321
321 342
321 343
321 322
322 343
322 344
322 323
323 344
323 345
323 324
324 345
324 346
324 325
325 346
325 347
325 326
326 347
326 348
326 327
327 348
327 349
327 328
328 349
328 350
328 329
329 350
329 351
329 330
330 351
330 352
330 331
331 352
331 353
331 332
332 353
332 354
332 333
333 354
333 355
333 334
334 355
334 356
334 335
335 356
335 357
335 336
336 357
337 358
337 338
338 358
338 359
338 339
339 359
339 360
339 340
340 360
340 361
340 341
341 361
341 362
341 342
342 362
342 363
342 343
343 363
343 364
343 344
344 364
344 365
344 345
345 365
345 366
345 346
346 366
346 367
346 347
347 367
347 368
347 348
348 368
348 369
348 349
349 369
349 370
349 350
350 370
350 371
350 351
351 371
351 372
351 352
352 372
352 373
352 353
353 373
353 374
353 354
354 374
354 375
354 355
355 375
355 376
355 356
356 376
356 377
356 357
357 377
358 378
358 379
358 359
359 379
359 380
359 360
360 380
360 381
360 361
361 381
361 382
361 362
362 382
362 383
362 363
363 383
363 384
363 364
364 384
364 385
364 365
365 385
365 386
365 366
366 386
366 387
366 367
367 387
367 388
367 368
368 388
368 389
368 369
369 389
369 390
369 370
370 390
370 391
370 371
371 391
371 392
371 372
372 392
372 393
372 373
373 393
373 394
373 374
374 394
374 395
374 375
375 395
375 396
375 376
376 396
376 377
378 397
378 379
379 397
379 398
379 380
380 398
380 399
380 381
381 399
381 400
381 382
382 400
382 401
382 383
383 401
383 402
383 384
384 402
384 403
384 385
385 403
385 404
385 386
386 404
386 405
386 387
387 405
387 406
387 388
388 406
388 407
388 389
389 407
389 408
389 390
390 408
390 409
390 391
391 409
391 410
391 392
392 410
392 411
392 393
393 411
393 412
393 394
394 412
394 413
394 395
395 413
395 396
397 414
397 398
398 414
398 415
398 399
399 415
399 416
399 400
400 416
400 417
400 401
401 417
401 418
401 402
402 418
402 419
402 403
403 419
403 420
403 404
404 420
404 421
404 405
405 421
405 422
405 406
406 422
406 423
406 407
407 423
407 424
407 408
408 424
408 425
408 409
409 425
409 426
409 410
410 426
410 427
410 411
411 427
411 428
411 412
412 428
412 413
414 429
414 430
414 415
415 430
415 431
415 416
416 431
416 432
416 417
417 432
417 433
417 418
418 433
418 434
418 419
419 434
419 435
419 420
420 435
420 436
420 421
421 436
421 437
421 422
422 437
422 438
422 423
423 438
423 439
423 424
424 439
424 440
424 425
425 440
425 441
425 426
426 441
426 442
426 427
427 442
427 428
429 430
430 443
430 431
431 443
431 444
431 432
432 444
432 445
432 433
433 445
433 446
433 434
434 446
434 447
434 435
435 447
435 448
435 436
436 448
436 449
436 437
437 449
437 450
437 438
438 450
438 451
438 439
439 451
439 452
439 440
440 452
440 453
440 441
441 453
441 442
443 444
444 445
445 446
446 447
447 454
447 448
448 454
448 455
448 449
449 455
449 456
449 450
450 456
450 457
450 451
451 457
451 458
451 452
452 458
452 459
452 453
453 459
454 455
455 456
456 457
457 458
458 459
