-20.978448  55.591724
-21.051331  55.565846
-21.062473  55.629343
-21.110242  55.450410
-21.323247  55.526494
-21.294117  55.439697
-21.166678  55.394081
-21.201158  55.684485
-21.304530  55.400327
-20.963140  55.457132
-21.088672  55.720075
-20.927307  55.432932
-20.926663  55.300964
-21.141174  55.242903
-21.197840  55.330884
-21.333354  55.443646
-21.176884  55.608287
-21.119614  55.749767
-21.023448  55.517429
-21.152240  55.704754
-21.101672  55.225427
-20.921772  55.672005
-21.217277  55.837821
-20.943503  55.601523
-20.964316  55.316712
-20.930489  55.591125
-20.883505  55.519891
-20.982413  55.693385
-21.274943  55.698845
-21.120801  55.469222
-21.214977  55.569062
-20.970518  55.435183
-21.373790  55.580543
-21.231417  55.667064
-20.962537  55.555314
-21.112899  55.493291
-21.009588  55.397587
-21.123381  55.558385
-20.976882  55.404618
-21.285911  55.380769
-20.932487  55.316592
-21.302591  55.534625
-20.966065  55.475359
-21.180338  55.815072
-21.097292  55.250434
-21.292361  55.516195
-21.114071  55.726824
-21.231395  55.427181
-21.213465  55.687560
