-21.316357 -20.905737 -21.026165 -21.209238 -20.933469 -21.374694 -21.102499 -21.312025 -21.252034 -21.090588 -21.276118 -21.340928 -21.078126 -21.256041 -21.201782 -21.028802 -21.234728 -21.118525 
-21.262794 -21.320504 -21.366602 -21.110976 -20.933469 -21.062471 -20.966351 -21.109994 -21.118640 -21.090588 -21.254350 -21.063603 -21.092005 -20.981419 -21.138266 -20.944623 -21.145762 -20.994520 -21.246135 -21.051207 -21.240280 -21.035282 -21.368010 -21.109568 -21.177023 -21.247396 -21.192445 -21.061570 -20.926303 -21.164055 -21.169791 -21.163729 
-21.247964 -21.005321 -21.210529 -21.143877 -20.933469 -21.139810 -21.160482 -21.272115 -21.110711 -21.254094 -20.904465 -21.157232 -21.244279 -21.283985 -21.113651 -21.078429 -21.001958 -20.968238 -21.347109 -20.943574 -21.294884 -21.008723 -20.967824 -21.281052 -21.337117 
-21.239436 -21.155250 -20.982816 -21.268466 -20.951802 -21.139810 -21.160482 -21.236836 -21.118324 -21.224064 -21.274989 -21.005086 -21.171726 -21.222574 -21.377939 -21.011531 -21.172134 -21.207616 
-21.241681 -20.973264 -21.307478 -21.110256 -21.228498 -21.085501 -20.980049 -21.328000 -21.242208 -21.247421 -21.148268 -21.147751 -21.164929 -21.068714 -21.084492 
-21.285644 -21.081368 -21.147515 -21.182633 -21.162567 -21.172697 -21.196477 -20.954728 -21.358325 -20.939405 -21.268693 -21.282929 
-20.960387 -21.302951 -21.312522 -21.074590 -21.054670 -20.939405 -20.997959 -21.134380 -21.213402 -21.156164 -21.165506 -21.126315 -21.133009 -21.295122 -21.186988 -21.349648 -21.004670 -21.234190 -21.315920 -21.196263 -21.355844 -21.126310 -20.950385 
-21.179580 -21.251587 -20.930486 -21.074590 -21.164691 -20.939405 -21.082537 -21.062694 -21.103226 -21.301351 -21.309877 -21.136639 -21.065684 -21.186444 -21.023252 -21.245924 -21.208371 -21.269665 -21.245930 -21.040658 -21.159426 -20.984695 -21.191827 
-21.037170 -21.196717 -21.258281 -21.143264 -21.134255 -21.175123 -21.175854 -20.941882 -21.018197 -21.013662 -21.041508 -21.322369 -21.065684 -21.172823 -21.145396 -21.177229 -21.296844 -21.293227 -21.331620 -21.237528 
-21.108164 -20.923871 -21.058659 -21.297556 -21.291722 -21.211165 -20.951620 -20.948663 -21.351342 -21.310036 -20.987515 -21.206227 -21.140799 -21.165228 -21.029382 -21.282893 -21.266911 -20.949991 -21.199533 -21.235252 -21.353451 -21.056937 -21.055724 -21.194161 -21.043620 -21.204231 -21.274560 -21.051714 -21.007475 -21.135884 -21.306762 -21.264171 
-21.219292 -20.950056 -21.170460 -21.242041 -21.018544 -21.127833 -20.951620 -21.322516 -20.905586 -21.034884 -21.144722 -21.213822 -21.384681 -21.339944 -21.302988 -21.398707 -21.241212 -20.974780 -21.380360 -21.113611 -20.880716 -21.008238 -20.965902 -21.228295 -21.095447 -21.069125 -20.970428 
-21.150870 -21.231208 -21.066059 -21.112532 -20.998495 -20.923177 -21.186052 -21.134243 -21.063924 -21.025592 -21.385548 -21.031309 -20.974790 -20.950530 -20.880688 -21.295641 -21.125312 -21.120236 -21.061940 -21.037735 -21.238160 -21.240466 -21.057592 -21.133568 -21.063836 -20.968591 -21.185786 
-20.983745 -21.291175 -20.969597 -20.885647 -21.248441 -21.214366 -21.019798 -20.909349 -21.180733 -21.194720 -21.147192 -21.005151 -21.084183 -21.234371 -21.113484 -20.863013 -21.023891 -21.259359 
-21.149284 -20.916037 -21.372715 -21.141272 -21.141806 -21.290621 -21.190025 -21.163164 -21.208206 -21.015424 -21.337989 -21.060730 -21.248472 -21.207822 -21.229371 -21.329744 -21.030999 -21.032193 -21.028479 -21.196815 -20.993562 -21.295385 -21.187039 -21.153605 -21.236509 
-21.249439 -21.201578 -21.191555 -21.099078 -21.179587 -21.265174 -21.236507 -21.396730 -21.229135 -21.146373 -20.923048 -20.949987 -21.347760 -20.930697 -21.287632 -20.930749 -21.359231 -21.218315 
-21.318161 -21.206489 -21.028392 -21.210108 -21.347509 -20.939401 -21.059646 -21.311495 -21.091434 -21.189999 -21.294301 -21.122606 -21.117235 -21.028693 -21.136853 -21.119471 -20.879135 -21.137201 -20.927132 -20.914050 -21.092973 -21.202551 -21.129389 -21.222508 -21.200810 -21.305664 -21.011459 -21.117988 -21.133090 -21.082539 -21.102555 -20.927115 -21.136209 -20.991785 -20.990926 -21.087833 -21.172390 -21.013418 -21.085696 -21.022376 
-21.075508 -21.087202 -20.963545 -20.938563 -21.180065 -21.127277 -20.899591 -21.341821 -21.231544 -21.007447 -20.969961 -21.016202 -20.900869 -21.317209 -20.943977 -21.059671 -21.043970 -21.137201 -21.333683 -21.163797 -21.006832 -21.022809 -21.224649 -21.229180 -20.911759 -21.234048 -21.032220 -21.101043 -21.216283 -21.183444 -20.917469 -21.257568 -20.993876 -20.986059 -21.031527 -20.985410 -21.177430 -20.941748 -21.227904 -21.273566 -21.338279 -21.093223 -20.945005 -21.048196 
-20.884822 -20.972432 -20.975718 -21.041294 -20.915687 -21.013122 -21.073455 -20.952577 -21.024916 -21.250443 -21.040917 -20.923426 -21.312699 -21.225217 -21.084517 -21.098396 -20.993786 -21.137201 -21.238059 -21.177774 -21.186873 -21.103697 -20.975081 -21.072323 -21.373676 -21.162897 -21.273228 -21.134189 -21.067844 -21.057667 -21.095028 -21.001979 
-21.103815 -20.972432 -21.187730 -20.942458 -21.003509 -21.013122 -21.019053 -21.224464 -21.324045 -21.118443 -21.078187 -20.932975 -21.011165 -21.355506 -21.145863 -21.198320 -20.993786 -21.137201 -20.931551 -21.210062 
-21.315721 -20.972432 -21.187730 -21.128866 -21.091612 -21.140176 -20.994137 -21.224464 -21.240130 -21.089001 -21.000321 -21.171874 -21.239124 -21.084484 -20.889442 -21.272475 -21.288004 -21.069047 -21.134877 -21.035551 -21.021549 -20.996090 -20.958972 -21.129976 -21.181648 -21.090817 -21.061525 -21.034968 
-21.017951 -20.973440 -21.002261 -21.196934 -21.135695 -21.140176 -21.030621 -21.123490 -21.034968 -21.332299 -21.349362 -21.285175 -20.921623 -21.133240 -21.100364 -21.130599 -21.107189 -20.990397 -21.346219 -21.271593 -21.062624 -21.340263 -21.261356 -21.231554 -21.009622 -21.293550 -21.250572 -21.219196 -20.910296 
-21.043644 -21.249313 -21.380164 -21.278731 -20.972843 -21.099012 -21.087768 -21.267504 -21.186156 -21.090807 -21.065107 -21.135864 -21.336847 -21.284529 -20.969112 -21.312668 -21.095008 
-21.053552 -21.393974 -21.089930 -21.327342 -21.045567 -21.199721 -21.274617 -21.164731 -21.329289 -21.058620 -20.945367 -21.079468 -21.145412 -21.144598 -21.194249 
-20.932204 -21.064983 -21.118644 -20.992149 -21.239243 -21.095414 -21.063826 -21.285423 -21.182081 -21.166660 -21.106203 -21.316879 -21.319160 -21.284730 -20.950328 
-21.111622 -21.064210 -21.245466 -20.992149 -21.306060 -20.947659 -21.134672 
-21.135996 -21.157321 -21.211213 -21.018585 -21.165428 -20.947659 -20.941682 -21.097183 -21.101713 -21.313719 -21.165303 -21.263293 -20.897000 -21.339658 -21.361626 -21.128306 -21.371327 -21.248091 -21.181315 -21.260099 -21.294846 -20.883985 -21.192530 -21.141727 
-21.067001 -21.095427 -20.925909 -20.889547 -21.076319 -20.947659 -21.210416 -21.242795 -21.315466 -21.234004 -21.038924 -21.046929 -21.239858 -20.916380 -21.069617 -21.080081 -21.046283 -21.231707 -20.995438 -21.359664 -21.177326 -21.279842 -21.301033 -21.105458 -21.097845 -21.145412 
-20.946396 -21.309423 -20.988669 -21.220140 -21.124327 -21.084222 -21.141610 -20.921114 
-21.063586 -20.928858 -20.948088 -21.254215 -21.076374 -21.232819 -21.191625 -21.245706 -20.995220 -21.004926 -21.120840 -21.187528 -21.285399 -21.007368 -21.067658 -20.918752 
-21.384370 -20.999558 -21.055164 -20.980892 -20.896163 -21.179342 -21.212933 -21.046933 -21.083893 -21.013328 -21.386096 -21.174680 -20.925122 -21.284489 -20.931112 -21.385595 -21.134352 -21.093983 -20.998515 
-21.175292 -21.327169 -21.231288 -21.180922 -20.965971 -21.122048 -21.302917 -21.228312 -21.173580 -21.013328 -21.035886 -21.291884 -20.982956 
-20.990834 -21.169586 -20.959930 -21.254898 -20.965971 -20.947023 -21.002375 -21.300976 -21.035243 -21.005827 -21.142575 -21.271448 -21.076810 -21.348678 -21.093962 -21.386765 -21.211730 -21.369378 -21.120137 -21.267019 -21.198011 -21.233134 -20.972049 
-21.071794 -21.121104 -21.181788 -21.034112 -20.965971 -21.271548 -21.244578 -21.293635 -21.193094 -21.361283 -20.997013 -21.054702 -21.250587 -21.077947 -21.202165 -21.050710 -20.996908 -21.186208 -21.113685 -21.049014 -21.327619 -21.149648 
-20.986354 -21.152664 -20.898273 -21.001659 -21.358840 -20.991852 -21.362506 -21.227974 -21.043426 -21.052027 -21.002242 -20.973272 -21.310168 -21.299655 -21.180762 -20.933781 
-20.998587 -21.060718 -21.002242 -21.103434 -21.031583 -21.171031 -21.019381 -21.346602 -21.209547 -20.968164 -21.099362 -20.956699 -21.386290 -21.137136 -21.089463 -20.949668 -21.045458 -21.156202 -21.287789 -21.124304 -20.908705 
-20.998587 -20.963041 -21.227928 -21.140299 -21.163995 -21.121014 -21.161594 -21.301705 -21.263208 -21.142561 -20.919102 -21.091638 -21.155004 -21.299830 
-21.033499 -20.963041 -21.195446 -21.095416 -21.004469 -20.972535 -21.339412 -21.370913 -21.327832 -20.968369 -21.176327 -21.077680 -20.987294 -21.013152 -21.375159 -21.167459 -21.114710 -21.024622 -21.108575 -20.961303 -21.006144 -21.148098 -21.283958 -21.204432 -21.091908 -21.031134 -21.256345 -21.172236 -21.208921 -21.255355 -20.920416 
-21.042204 -20.963041 -21.169032 -21.095416 -21.129040 -21.235952 -21.273615 -21.328686 -20.990917 -20.946490 -21.103654 -21.281857 -21.197057 -21.378570 -21.032648 -21.008405 -20.924294 -21.144693 -20.957513 -21.103467 -20.881031 -20.920200 -21.080824 -21.229411 -21.305953 -21.160558 -21.063045 -20.900010 -21.315248 -21.347628 -20.949776 -21.356927 -20.923446 -21.001760 -21.319888 -21.045281 -21.072188 -21.078615 -20.989740 -20.974359 -21.043716 -21.038926 -21.097462 -21.317987 -21.271856 -21.387060 
-21.360367 -21.233139 -21.293828 -21.036761 -21.084881 -20.900010 -21.061105 -21.251270 -21.340409 -21.028899 -21.073881 -21.107210 -20.981453 -20.916538 -21.035070 -20.992449 -21.288108 -21.308484 -20.957285 -21.242457 -20.997237 -21.049151 -21.168334 -21.368870 
-21.228736 -21.217694 -21.263879 -20.885972 -20.939176 -21.139136 -21.144913 -21.264719 -20.916538 -21.357098 -21.013018 -21.313475 -21.117586 -21.131275 -21.005531 -21.305041 -21.203530 -21.257347 -21.079229 -20.983042 -20.919618 -20.920591 -21.165265 -21.275022 -20.889060 -20.918777 -20.977280 -21.000059 
-21.126773 -21.104950 -20.994139 -21.006800 -20.977280 -21.232288 -21.235649 -21.003256 -20.923065 -21.129572 -21.135240 -20.935218 -21.146925 -21.154886 
-21.064972 -21.081477 -21.127807 -21.304631 -21.079109 -20.939960 -21.116600 -21.150909 -20.947785 -21.136758 -21.228397 -20.963265 -21.313831 -21.275037 -21.137083 -21.343601 -21.043053 -21.187340 -21.286472 -21.117599 -21.135614 -21.098063 -21.080937 -21.019505 -21.107247 -21.104490 -21.004925 -21.069896 -21.294549 -21.335780 -21.172566 -21.043207 
-21.190725 -21.081477 -21.036894 -21.048791 -21.068107 -21.385564 -21.020277 -21.114446 -20.877691 -21.264408 -20.924208 -20.963265 -21.150120 -20.941046 -21.190797 -21.095428 -21.366698 -21.240695 -20.998518 -21.345070 -21.084153 -21.212659 -21.336481 -21.052790 -21.073031 -21.031349 -21.315231 -20.918072 -21.390778 -20.886661 -20.947284 -21.104761 -21.071656 -21.245518 -21.110932 -21.265288 -21.339533 -20.909375 -21.150474 -21.193571 -20.944972 -21.221063 -21.146484 -21.212275 -21.294907 -21.137184 -21.226790 -21.169112 -21.061216 -21.330909 
-21.067126 -21.004878 -20.966166 -21.048791 -21.128750 -21.212706 -21.252660 -21.215377 -21.015034 -21.045245 -21.217554 -21.207988 -21.043914 -21.201499 -21.150608 -21.058766 -21.178445 -21.156748 
-21.345661 -21.135386 -20.966166 -20.943693 -21.046913 -21.138773 -21.249382 -21.259300 -21.010160 -21.265669 -21.248856 -21.087165 -21.072042 -21.059214 -21.228464 -21.166852 -20.979784 -21.044614 -21.165357 -21.013972 -21.113281 -21.012028 -21.086767 -21.317084 -20.952407 -21.232210 -21.313395 
-21.147869 -21.237538 -21.295120 -21.209737 -21.046913 -21.013184 -21.195308 -21.279315 -21.097943 -21.150445 -21.339994 -21.042529 -20.984988 -21.340196 -20.922865 -21.029437 -21.052658 -21.044614 -20.884320 -21.178627 -21.118842 -20.924100 -21.149349 -20.979656 -21.150995 -21.361933 -21.326786 -21.216901 -21.185782 -21.238582 -21.360731 -21.039770 -21.231323 -21.271787 
-21.184553 -21.233956 -21.051318 -21.083688 -21.046913 -21.201884 -20.998752 -21.123566 -21.213727 -20.968681 -21.044614 -21.042635 -21.267838 -21.294064 -21.215127 -21.212929 -21.216639 -21.017036 -20.902109 -21.395213 -21.261080 -20.888588 -21.285013 -21.044624 -21.169503 -21.006844 -21.111744 -21.162883 -20.993985 -20.949891 -21.322345 -20.886344 
-21.308849 -20.981342 -21.056773 -21.052236 -21.046913 -20.974983 -21.226731 -21.044614 -20.960106 -21.171408 -21.248162 -21.194000 
-20.883839 -20.921728 -21.099925 -21.345037 -21.046913 -20.974983 -21.283664 -21.044614 -20.970500 -21.166990 -21.034679 -21.106613 -20.971426 -21.048103 -21.160054 -21.082007 -21.359258 -21.234728 
-21.154999 -21.057306 -20.960000 -20.891000 -21.046913 -21.235741 -21.155654 -21.044614 -21.231206 -21.322810 -21.264385 -21.204769 -21.290809 -21.159625 -20.935600 -21.268576 -21.068457 -20.878659 -21.346322 -20.918799 -21.267649 -21.021430 
-20.919115 -21.115433 -21.266925 -21.179434 -21.046913 -21.325853 -20.922065 -21.044614 -21.253626 -20.871267 -21.211360 -20.986721 -21.251845 -20.958739 -21.215107 -20.969020 -20.917699 -21.310843 -21.223718 -21.100046 -21.278798 -21.282862 -21.187798 -21.125758 -21.228683 -21.129565 -21.303871 -21.297631 -21.348084 
-21.247151 -21.019180 -21.127563 -20.924794 -21.046913 -21.228830 -20.979216 -21.044614 -21.166202 -21.017917 -21.024491 -21.097911 -21.159100 -21.251755 -20.932017 -21.149645 -20.893363 -20.910534 -21.024425 
-21.202534 -21.023738 -21.183472 -20.891170 -21.046913 -21.101421 -20.979216 -21.044614 -21.175416 -20.934795 -21.278170 -21.135711 -21.125821 -20.867611 -20.957730 -20.941712 -21.112078 -21.177359 -21.207102 -21.336425 -21.296363 -21.037305 -21.124849 -21.376592 -21.221321 -21.018998 -21.046954 -20.964570 -21.220938 
-21.165025 -21.020021 -21.044614 -21.283087 -21.046913 -21.103337 -21.341457 -21.308010 -20.898934 -20.938552 -21.260475 -21.266309 -21.152229 -21.221581 -21.156110 -21.155449 -21.164823 -21.111860 -21.213780 -21.215402 
-21.207027 -21.196236 -21.044614 -21.283087 -21.046913 -21.269345 -21.230550 -20.945040 -21.282618 -20.962685 -20.948926 -21.103345 -21.244416 -21.176215 -21.202635 -21.111800 -21.285800 -21.124452 -20.928875 -21.232538 -21.105008 -21.073667 -21.032193 -20.970808 
-20.916452 -21.219199 -21.106881 -21.126652 -21.290004 -21.302284 -20.965758 -20.981356 -21.098657 -20.899703 -21.099753 -21.227391 -20.961935 -21.342649 -21.010707 -21.033364 -21.030059 -21.022804 -21.047191 
-21.105902 -21.149077 -21.279546 -20.930415 -20.922914 -21.044562 -21.145511 -20.981356 -21.199826 -21.198072 -21.309910 -20.907909 -21.008654 -21.054069 -20.981269 -20.896144 -21.179500 -21.361012 -21.200091 -21.114301 -20.929880 -21.289484 
-21.323445 -21.149077 -21.210583 -20.887222 -21.355479 -20.979483 -21.199466 -20.981356 -21.041151 -21.120257 -21.244465 -21.004557 -21.145447 -21.034307 -21.272266 -21.107826 -21.193895 -21.223926 -20.923359 -21.385967 -21.208421 -21.229658 -21.139420 -21.016854 -21.203341 -20.955961 -20.891691 -21.064611 -20.989403 -21.171867 
-20.904565 -21.083303 -21.124686 -21.356477 -21.030936 -20.901490 -20.896141 -20.981356 -21.287730 -21.204077 -21.135189 -21.030495 -21.040931 -21.032856 -21.202784 -20.881618 -21.015615 -20.996336 
-21.032856 -21.276415 -21.196288 -21.007166 -20.982675 -21.212199 -21.102954 -21.182226 -21.140002 -21.046526 -21.005175 -21.035254 -21.192658 -21.203984 -21.234200 -21.223879 -21.384146 -21.215771 -21.237003 -21.295859 -21.127363 -20.978767 -21.066194 -21.221077 -20.971548 -21.233982 -21.021962 -20.992032 
-21.063264 -21.101326 -21.140154 -20.981675 -21.065395 -20.927151 -21.066194 -21.333164 -21.283708 -21.155947 -21.333562 -21.013377 -21.141842 
-21.324408 -21.273544 -21.245133 -21.158621 -21.051049 -21.300581 -20.964174 -21.010902 -21.161601 -20.920746 -21.288712 -21.208943 -21.105656 -21.044221 -21.011718 
-21.095925 -21.038149 -21.348452 -21.072779 -21.132952 -21.147055 -21.143534 -21.010902 -21.210575 -21.231077 -21.199871 -21.138796 -20.999095 -21.013853 -21.252308 -20.927547 -21.368860 -21.028709 -20.912096 -21.271067 -20.999890 -21.348326 -21.190209 -21.227091 
-20.963467 -21.315992 -21.132662 -21.044267 -20.975160 -21.295242 -21.217582 -20.988240 -20.904129 -21.090688 -21.100564 -21.182927 
-20.992078 -21.150885 -21.383037 -21.044267 -21.308640 -20.936368 -21.220767 -21.044240 -20.947028 -21.054823 -21.136238 -21.324682 -20.914794 -20.989097 -21.106717 -21.009695 -21.171230 -21.336464 -20.933640 -21.364984 -21.180907 -21.094122 -21.272012 -21.225250 -20.889637 -21.258013 -21.111061 -20.973903 -21.312917 -21.248118 -21.202708 -21.208434 -21.248711 -21.260688 -21.050877 -21.206155 -21.213666 -20.905139 -21.126982 -21.258076 -21.173004 -21.106186 -20.950516 -21.011600 
-21.258076 -20.887789 -21.205847 -21.279012 -21.351231 -20.989097 -21.011243 -21.363659 -21.076283 -21.219212 -21.216309 -21.149237 -21.300949 -21.007280 -21.247581 -20.904262 -20.994797 -21.132972 -20.955322 
-21.258076 -21.285107 -20.945430 -20.923499 -21.128753 -21.140784 -21.011243 -21.371400 -21.217235 -21.312348 -21.216309 -21.032331 -20.938500 -20.976135 -21.116453 -21.081051 -20.997451 -21.076360 -21.295162 -20.944517 -20.897119 -21.339514 -20.977738 -20.981085 -20.959888 -21.088826 -21.209779 -20.959620 -21.022731 
-21.201994 -21.138590 -21.258434 -21.230423 -21.217959 -21.153230 -21.011243 -21.121715 -21.354542 -21.211845 -21.024196 -21.105771 -21.199533 -21.324664 -21.178768 -21.155952 -21.024120 -21.337327 
-21.237578 -21.225262 -21.111204 -21.233447 -21.127572 -21.344497 -21.210921 -21.034505 -21.220221 -21.133640 -20.982648 -21.059218 -21.281565 -21.010670 -20.993633 -21.174970 -21.075203 -21.047089 -21.243138 -21.323196 -21.042358 -20.970446 -21.151974 
-21.351374 -20.939602 -20.875326 -21.158149 -21.198493 -20.970999 -21.065571 -21.261738 -21.271999 -21.273659 -20.982648 -21.079484 -21.274584 -21.301889 -21.261325 -21.384000 -21.254018 -20.959466 -21.032838 -21.082126 -21.084838 -21.280141 -20.936048 -21.330212 -21.330289 -20.921187 -21.122312 -21.068827 -20.953456 -21.309816 -20.971441 -21.351897 -21.267767 -21.013976 -20.998202 -20.984205 -21.091282 -21.197101 -21.055835 -21.035639 -21.035838 
-21.210937 -20.982475 -20.937928 -21.032838 -21.261796 -21.176127 -21.282964 -21.368025 -21.116545 -21.310420 -20.888514 -20.893112 -20.894972 -21.147585 -21.148893 -20.999833 -21.078701 -20.985855 -21.147115 -21.120731 
-21.102608 -20.950176 -21.253742 -21.164772 -20.879732 -21.113294 -21.375270 -21.217385 -21.015326 -21.166954 -21.085779 -20.938964 -21.081681 -21.362165 
-21.102608 -20.938206 -21.074801 -21.158299 -21.021656 -21.139655 -21.381073 -21.052783 -21.227147 -21.280280 -21.251994 -21.117238 -21.066214 -21.257176 -21.079722 -21.031252 -21.218488 -21.124228 -21.159928 
-20.951233 -20.938206 -21.276348 -21.308762 -21.021656 -21.066859 -21.136446 -21.209170 
-21.202041 -20.884112 -20.895070 -21.135300 -21.189812 -21.310073 -20.942329 -21.200845 -21.170100 -21.218586 -20.909336 -21.000075 -20.951901 -21.175639 -21.038797 -21.133774 -21.325223 -21.031644 -21.186204 -21.267506 -21.135439 -21.144217 
-20.998646 -21.098201 -20.976907 -21.063792 -21.297479 -21.026358 -21.246582 -21.269812 
-21.165543 -21.334275 -21.268362 -21.094992 -21.290779 -21.101400 -20.939604 -20.915657 -21.349741 -21.150002 -21.308660 -21.141146 -21.182670 -21.190219 -21.176170 
-21.312603 -21.146278 -20.933238 -21.218328 -21.061667 -21.059354 -21.100442 -20.915690 -21.034287 -21.326803 -21.225184 -21.113476 -21.088014 -21.324066 -21.295842 -20.931158 -20.986177 -21.273901 -21.106765 -21.340043 -21.309434 -21.082434 -21.253328 -21.318996 -21.172275 -21.327437 -21.161243 -21.026802 -21.058681 -21.007244 -21.241116 -21.235010 
-21.309434 -20.893028 -21.291024 -20.973333 -20.926866 -21.284078 -21.198987 -21.173411 -21.129146 -20.984940 -21.183145 -21.068300 -20.978811 -21.193526 -21.271391 -21.063478 -20.975454 
-20.956162 -21.093945 -21.112624 -20.973333 -21.183145 -21.029210 -21.167884 -21.376622 -21.161261 -21.195422 -21.259977 -21.109605 -21.190193 -21.277757 
-21.093728 -20.905119 -21.343551 -21.239207 -21.120928 -20.955113 -21.108712 -21.198244 -21.045396 -20.985462 -20.980870 -21.041020 -21.209558 -21.128180 -21.076492 -21.303465 -20.969514 -21.254458 
-21.145828 -21.289204 -21.160265 -21.137911 -21.153508 -21.313704 
-20.888920 -21.183120 -21.051033 -20.980969 -21.139713 -20.980397 -21.346790 -21.113248 -21.214568 -21.075148 -21.298816 -21.184915 
-21.186735 -20.959281 -21.288432 -20.980969 -21.136676 -21.324861 -20.914976 -21.139838 -20.963344 -20.867836 
-21.154435 -20.959281 -21.073041 -20.975981 -21.046857 -21.269759 -20.923457 -21.232839 -21.056806 -21.339607 -20.979418 -21.012856 -21.218838 -21.095103 -21.199139 -20.894482 -21.068936 -21.011995 -21.178353 -21.059037 
-21.038564 -20.902561 -21.359439 -20.946736 -21.197654 -20.922625 -21.200238 -21.234280 -21.223402 -21.256439 -20.997994 -20.996784 -21.150502 -20.984249 -21.191230 -21.243977 -21.102127 -21.061979 -20.925434 -21.124045 -20.924425 -20.931643 -20.975514 -21.079688 -21.092974 -21.175798 
-21.062635 -21.116171 -21.379189 -21.041483 -20.931611 -21.265940 -21.049821 -20.970728 -21.324608 -21.278043 -21.106660 -21.028190 -21.343115 -21.120750 -20.964775 -21.361855 -21.219009 -21.263011 -21.366456 -20.910191 -21.353021 
-21.022680 -21.142445 -20.892681 -20.947066 -20.936765 -21.091512 -21.394085 -21.036306 -20.974498 -20.894262 -21.037551 -21.028190 -21.195923 -21.140187 -21.274219 -21.156655 -21.231531 -21.081356 -20.947847 -21.062065 -21.193170 -20.979241 -21.215388 -21.315058 -21.394527 
-21.078413 -20.972302 -21.125943 -21.383606 -20.936765 -21.092936 -20.951541 -21.036306 -21.143559 -21.241821 -21.276948 -21.028190 -21.224767 -21.061975 -20.972422 -21.105238 -20.919072 -21.137002 -21.169804 -21.218527 -21.112256 -21.065881 -21.369424 -21.088738 -21.129060 -21.359341 -20.872427 -21.388947 
-21.124372 -21.205899 -21.017308 -20.987177 
-21.024897 -21.238517 -21.081128 -21.050994 -21.260018 -21.148916 -21.033216 -21.119851 -21.336132 -21.130569 -21.300973 -21.120730 -21.313928 -21.284894 -21.049326 -21.309550 -21.223095 -21.372859 -20.978560 -21.184489 
-21.030861 -21.342319 -21.267643 -21.173588 -20.985968 -20.878558 -21.359238 -21.366710 -21.029236 -21.004869 -20.871871 
-21.084920 -21.043124 -20.991369 -21.012272 -21.123905 -21.018213 -20.935564 -21.203596 -21.301273 -21.277278 -21.382014 -20.926464 -21.061129 -21.296708 -21.080918 -21.082920 
-21.039314 -21.296091 -21.132499 -21.361874 -20.989307 -21.338643 -21.112249 -20.975922 -21.038741 -21.053837 -21.197219 -21.005173 -21.146347 
-20.888294 -21.038741 -21.035576 -20.964434 -21.217078 -21.036397 -21.058844 -21.003195 
-21.150680 -21.067439 -21.005990 -21.199966 -21.355173 -21.317494 -21.294785 -21.028144 
-21.192412 -21.160496 -20.973561 -21.014907 -21.251928 -20.971519 -21.082577 -20.994140 -20.962354 -20.900559 -21.131201 -21.209156 -21.238065 -21.051577 -21.005192 -21.003767 
-21.122249 -21.132342 -21.315023 -21.139724 -21.053268 -21.353011 -20.999019 -21.122413 -21.189167 -21.257360 -20.964732 -21.023157 -21.110007 -21.161858 -20.912172 -21.183129 -21.291803 -21.203014 -21.019157 -21.097965 -20.996663 
-21.292871 -20.937007 -21.179741 -20.939814 -21.032104 -21.052715 -20.934010 -21.370257 -20.931931 -21.086901 -21.063061 -20.915455 -21.330227 -21.127378 -21.078395 -21.225567 -21.291803 -21.072545 -21.254484 -20.972992 -21.086131 -21.131943 -21.022456 -20.934717 -20.952013 -21.072345 -21.206076 -21.186809 -20.936602 -21.131717 -21.172396 -21.249777 -21.217084 -21.181377 -21.280892 -21.132751 -21.171048 
-21.087369 -21.062881 -21.179741 -21.303877 -21.042763 -21.027577 -21.204710 -21.293553 -21.129966 -21.380185 -21.054255 -20.957708 -21.232677 -21.223753 -21.070827 -21.292714 -21.291803 -21.080453 -21.242440 -21.019935 -20.998222 -21.005550 -21.191154 -21.383081 -21.289198 -21.187758 -21.313835 -21.152776 -20.943964 -21.087215 -21.135535 -21.121831 -21.291320 -20.879760 
-21.322938 -21.020982 -21.354671 -20.899253 -21.268659 -21.068840 -21.083441 -20.958846 -20.989230 -21.204264 -21.150837 -20.910811 -21.137104 -21.125682 -20.987713 -20.904136 -21.093936 -21.332868 -20.988778 -21.026989 -21.126449 -21.353884 
-21.283670 -20.894881 -21.244612 -21.350873 -21.035458 -21.182748 -21.260095 -20.986365 -21.090384 -21.010146 -21.197152 -21.122685 -21.280906 -21.079965 -21.299053 -21.200554 -21.078218 -21.059827 -21.327781 -21.020412 -21.299236 -21.151628 -21.091837 -21.024191 -21.005769 -21.176993 -21.372339 -21.008715 -21.110150 -21.186627 -21.243593 -21.043605 -21.063094 -20.961255 -21.041524 -20.872810 
-21.369139 -20.993437 -21.116651 -21.284257 -21.052015 -21.176650 -20.915050 -20.980344 -21.085552 -21.084184 -21.117688 -21.133933 -21.306807 -20.962383 -20.941072 -21.015253 -21.248867 -21.125719 -21.262648 -21.112959 -21.352223 -21.177646 -21.126193 
-21.276759 -20.976607 -21.117531 -21.158017 -21.121268 -21.240372 -20.984432 -21.249241 -21.116983 -21.084184 -21.217473 -20.968075 -21.186624 -21.082002 -21.017994 -21.085655 -21.397938 -21.339510 -21.017034 -21.088937 
-21.174839 -21.017994 -21.091958 -21.307971 -21.314233 -21.120580 -21.121746 -20.991605 -21.109859 -21.039501 -21.124802 -21.110034 -20.900869 -21.228771 -21.215542 -21.292257 -21.088006 -21.142631 
-21.016570 -21.017994 -21.065487 -21.233015 -21.015919 -21.286696 -21.050821 -21.035124 -21.109859 -21.171857 -21.091478 -21.039645 -21.399391 -21.205670 -21.170761 -21.211505 -21.150609 -21.371868 -21.356938 -20.917635 -21.293660 -21.377059 -21.035919 -21.315786 -21.129699 -21.255242 -21.184830 -20.980457 -21.044108 -20.994693 
-21.379007 -21.000966 -20.997328 -21.352873 -21.142198 -21.015987 -21.145762 -21.231454 -21.238588 -21.153934 -21.250949 -21.336312 -21.219467 -20.944173 -21.166012 -21.180816 -21.155009 -21.132498 -21.179826 -21.245596 -21.096628 -20.982916 -21.139122 -21.099763 -21.212025 -21.041998 -21.062125 -21.059722 -20.983327 
-20.958049 -21.281138 -20.997328 -21.137539 -21.218717 -21.068600 -21.255054 -21.149794 -21.262034 -21.299739 -21.294647 -20.991407 -21.180884 -21.010653 -21.073763 -21.121979 -21.027247 -21.088753 -21.202537 -21.049814 -20.956598 -21.264238 -21.083684 -20.945428 -21.261865 -21.242711 -21.231719 -21.101732 -20.943614 -21.239102 -21.171281 -21.202376 -21.172162 -21.081132 -21.119019 -21.217284 -20.969428 -21.180991 -21.000105 -20.908742 
-21.096412 -21.335337 -20.997328 -21.154257 -21.218055 -21.075609 -21.264072 -21.326637 -21.049925 -21.042195 -21.066568 -21.257253 -21.150707 -21.010653 -21.133295 -21.190271 -20.997223 -20.916474 -20.994925 -21.360010 -21.324932 -21.221944 -21.381864 -20.971431 -21.105492 -21.257463 -20.886291 -21.232847 
-21.068596 -21.260328 -20.997328 -21.274471 -21.138145 -21.106625 -21.152460 -21.221033 -21.190551 -21.100789 -20.955080 -21.005037 -21.123537 -21.227879 -20.918220 -20.927563 -21.239004 -21.295293 -21.263771 -21.214491 -21.324436 -21.037917 -21.022256 -20.990145 -21.149624 -21.033426 -21.365711 -21.208161 -21.167059 -21.391665 -21.153874 -21.204255 
-21.361348 -20.949575 -21.291746 -21.199878 -21.178898 -20.970962 -21.285359 -21.298813 -21.378595 -21.244284 -21.091661 -21.106132 -21.249607 -21.310664 -21.012607 -21.259342 -21.311821 
-21.347624 -21.257890 -21.228382 -21.292248 -21.020302 -21.064281 -21.238643 -21.133855 -21.063363 -20.926157 -20.978565 -21.002691 -21.170868 -21.145871 
-21.218179 -21.270296 -21.083384 -20.932291 -21.068957 -21.064281 -20.940705 -21.300657 -21.095459 -21.284405 
-21.139721 -21.025351 -21.065275 -21.148287 -21.133307 -21.064281 -20.940705 -21.269274 -21.240880 -21.050522 -21.032919 -21.149317 -20.895839 -21.038590 -21.094654 -21.259989 -21.094824 
-20.952205 -21.136575 -21.065509 -21.064542 -21.276897 -20.932326 -21.282902 -21.198553 -21.094564 -20.973328 -21.251704 -21.134354 -21.174695 -21.305466 
-20.952370 -21.027890 -21.160428 -21.246517 -20.993622 -21.367578 -21.287680 -21.011724 -21.226978 -20.923860 -21.234180 -21.107726 -21.245896 -21.307306 -20.885894 -21.349438 -21.222614 -21.046199 -21.227832 
-21.220163 -21.006757 -21.106137 -20.983407 -20.993622 -21.035881 -21.197712 -20.935956 -21.279333 -21.066519 -21.381940 -21.073385 -21.314418 -21.371572 -21.351018 -21.202753 -21.042088 -21.187770 -20.997721 -21.311897 -21.152417 -21.183988 -20.986521 -21.132438 -21.193024 -21.231315 -20.937691 -21.280129 -21.319192 -21.065773 -20.962240 -20.897353 -21.164751 -21.213242 -21.231263 -21.152023 -21.013030 -21.267666 -21.215900 -21.266089 -21.202792 -20.907568 -21.099587 -21.006135 -20.987145 -21.380684 -21.182795 
-21.187262 -20.913809 -21.106137 -21.155969 -21.014105 -21.149799 -21.123650 -20.958502 -20.991929 -21.060853 -20.912672 -20.976566 -21.024731 -21.376681 -21.154054 -21.132266 -21.098320 -21.045756 -20.920197 -21.079098 -20.896349 -21.343656 
-21.104946 -21.221068 -21.106137 -20.875584 -21.066497 -21.184452 -21.040758 -20.956420 -20.991929 -21.179442 -20.927944 -21.215360 -21.213636 -21.102055 -20.971687 -21.259948 -20.933303 
-21.331644 -21.185105 -21.007906 -21.323628 -21.147338 -21.040093 -21.272512 -20.956420 -20.971941 -21.207410 -21.269322 -21.123830 -21.042074 -20.930727 
-20.970683 -20.929094 -21.161909 -21.108996 -21.347167 -21.202260 -21.397305 -21.106593 -21.016681 -21.174535 -21.216056 
-21.080797 -20.929094 -21.231954 -21.208036 -21.029026 -21.267189 -21.021515 -21.177335 -20.931728 -21.017306 -21.225484 -21.378907 -20.968964 -21.007936 -21.153521 -21.303050 
-21.080263 -20.955457 -20.960596 -21.069004 -21.306224 -21.101041 -21.092297 -20.996388 
-21.111419 -21.170071 -21.318917 -21.322909 -21.180098 
-21.178252 -21.270762 -21.366669 -21.186366 -21.284749 
-21.178252 -21.285116 -21.160140 -21.051452 -21.351278 -21.206304 -20.964539 -20.980523 -21.071278 -20.961010 -20.943276 -21.269095 -21.039976 -20.997616 -21.209274 -21.169893 -20.898855 -21.201526 -21.123853 -21.169914 -21.254733 -20.963498 -21.192956 
-21.139818 -21.049964 -20.997616 -21.204995 -21.113395 -21.141322 -21.137382 -21.049254 -21.247964 -20.961010 -21.334067 -21.313518 -21.113210 -21.200463 -21.248183 -21.215664 -20.971349 -21.340423 -21.320590 -21.224789 -21.267322 -20.972718 
-21.018500 -20.990136 -20.997616 -20.975159 -21.172503 -21.071790 -21.178807 -21.277159 -20.942092 -20.961010 -21.176323 -21.105557 -20.937755 -21.084737 -21.215231 -21.204530 -21.284233 -21.270433 
-20.938456 -20.960426 -20.997616 -21.349189 -21.130112 -21.102170 -21.313861 -21.159237 -20.907049 -21.234557 -20.925129 -21.305026 -21.149542 -20.972969 -21.296383 -21.094023 -21.027406 -21.166009 -21.247988 -21.235996 -21.189148 -21.097221 -20.945199 -20.920045 -21.229796 -21.012575 -21.088239 -21.303837 -21.180258 -21.172344 -21.234147 -21.297722 
-21.252867 -21.364427 -20.949444 -21.336968 -21.004327 -21.098645 -20.923377 -21.125803 -21.017640 -20.886753 -21.126364 -21.159493 -20.901233 -20.998793 -21.045076 -21.067112 -21.212485 -21.179380 -21.113529 -21.279986 -21.319986 -21.034682 -21.079863 -20.924011 -21.139149 -21.315026 -20.943115 -21.274624 -20.933569 -21.038515 -21.250767 -21.334617 -21.161964 -21.304064 -21.055201 
-21.211050 -20.911741 -20.937455 -21.061847 -21.000241 -21.048215 -21.282133 -21.049263 -21.088526 -21.242788 -21.026469 -21.370795 
-21.108836 -20.943690 -21.307213 -21.061847 -20.943053 -21.048417 -21.087805 -21.276685 -21.299178 -21.073072 -21.016169 -21.172191 -21.200915 -21.226308 -21.240803 -21.276636 -21.280525 -21.341332 
-21.244848 -20.943690 -21.265613 -21.061847 -21.311107 -21.048417 -20.895074 -21.349329 -21.236908 -21.185136 -20.933264 -21.058834 -21.186292 -21.074256 -21.021536 -21.399979 -21.230125 -20.886807 -21.188019 -20.890739 -21.176962 -21.216969 
-21.162859 -21.287928 -20.896290 -21.061847 -21.009336 -21.048417 -21.184470 -20.947739 -21.324150 -21.172016 -21.098881 -21.205366 -21.314832 -21.193364 
-21.192602 -20.931175 -21.012963 -20.921691 -21.303789 -21.113778 -21.087517 -20.947739 -21.052710 -21.292877 -21.109892 -21.353347 -21.251317 -21.376618 -21.156012 -21.199016 -21.019357 -20.919551 -21.076294 -21.037614 -21.242826 -21.161840 
-20.969192 -21.001790 -21.026059 -21.037614 -21.153079 -21.315661 -21.063918 -21.058411 -21.116686 -21.346664 -21.211420 -21.053963 -20.986567 -21.291345 -21.134371 -21.252983 -21.147854 -21.254484 -21.326205 
-21.262840 -21.001790 -21.026059 -20.927476 -21.221026 -21.277086 -21.176169 -21.247054 -21.202612 -21.050193 -21.091080 -21.200932 -21.077988 -21.309290 -21.112575 -21.177383 -20.897407 -21.049987 -21.064453 -21.042782 -21.154238 -21.216533 -21.130333 -20.883998 -21.159286 -21.147491 -21.220946 -21.144184 -20.926646 -21.227293 -21.221883 -21.222091 -20.994107 
-21.360480 -21.056915 -21.048126 -21.232086 -20.945668 -21.208030 -20.969560 -21.130333 -20.983622 -21.192303 -21.088729 -21.216127 
-20.939157 -21.291632 -21.127763 -20.951111 -20.945668 -21.192454 -20.982313 -21.228327 -21.099105 -21.367809 -21.260998 -21.169469 -21.010146 -21.113318 -21.282398 -21.268832 -21.044952 
-21.320518 -20.900404 -21.008319 -21.025525 -20.945668 -21.198887 -20.883503 -21.165133 -21.025108 -21.347169 -20.990895 -21.086628 -21.071455 -21.319268 
-21.320518 -21.245363 -21.008319 -21.025525 -20.945668 -21.245714 -21.064993 -21.102512 -21.097934 -21.123794 -21.121993 -21.042099 -21.088581 -21.164374 -21.055935 -21.146371 -21.098512 -21.220060 -21.360674 -21.241082 
-21.236040 -21.151479 -20.963252 -21.178730 -20.945668 -21.160075 -21.273622 -21.237266 -21.183555 -21.048421 -20.916720 -20.922276 -21.083664 -20.974880 -21.048980 -21.065262 -21.360181 -20.928943 -21.028749 -21.249980 -21.048180 
-21.240353 -21.058014 -21.136110 -21.316997 -20.947431 -21.065262 -20.898152 -21.128547 -21.026996 -21.305736 -21.058691 -21.287040 -21.211228 -21.323783 -20.983479 -21.321742 -21.007845 -21.239295 -21.112174 -20.922679 -21.243224 -20.917599 -21.164900 
-20.982707 -21.058014 -21.105628 -21.205811 -21.154297 -20.983479 -20.891167 -21.332477 -20.944694 -21.017289 -21.291834 -21.205572 -21.094472 -20.986927 -20.974651 -21.070868 -21.259470 -21.351311 -21.095315 -21.230756 -21.214791 -21.135914 -21.333824 -21.318704 
-21.209676 -21.316182 -21.347271 -21.351891 -21.193307 -21.254602 -21.118766 -21.117960 -21.084595 -21.054337 -21.283767 -20.962105 -21.083265 -20.918338 -21.102278 -21.228782 -21.003598 -21.304844 -20.863566 -21.314491 -21.186396 -21.222062 -21.357855 -21.000059 -20.945404 -20.994520 -21.064095 -20.999120 -21.272424 -21.068419 -21.047083 -21.063797 
-21.384707 -21.337618 -21.260808 -21.140622 -21.156037 -21.295015 -20.952476 -21.282023 -21.363113 -20.973399 -21.041820 -21.272877 -20.984783 -21.059189 -21.258633 -20.939136 -21.137947 -21.121704 -21.145386 -20.912639 -21.109010 -20.903091 -21.158353 -21.183720 -21.105042 -20.918128 -21.012681 -21.065043 -21.066201 
-21.169955 -21.239676 -20.948978 -21.122592 -21.041920 -21.256391 -21.020315 -21.083681 -21.098644 -21.338500 -21.082925 -21.250278 -20.963110 -21.243436 -21.247814 -21.160277 -21.137947 -21.104531 -21.115381 -21.035288 -21.305685 -21.067865 -20.940670 -21.354469 -21.330270 -21.214051 -21.052163 -21.114003 
-21.291415 -20.966776 -21.028830 -21.035069 -21.019898 -21.256871 -21.119883 -21.003807 -20.985473 -21.321290 -20.921424 -21.194428 -21.049229 -21.030702 
-21.046372 -21.132434 -21.214906 -21.100338 -21.383152 -21.146703 -20.933558 -21.022715 -21.339331 
-21.205862 -21.144639 -20.861668 -21.022715 -20.914612 -21.079429 -20.956780 -20.896576 -20.903196 -21.145512 -21.115961 -21.052457 -21.067150 -21.006846 -21.155953 -21.385909 -21.096486 
-20.963462 -21.349848 -21.293374 -21.022715 -21.164916 -20.949979 -20.942879 -20.899278 -21.343966 -20.963181 -21.197442 -21.249509 -21.264747 -21.165010 -21.067494 -21.165725 
-21.284138 -21.312678 -21.215818 -21.022715 -21.103181 -20.949979 -21.112403 -21.028154 -21.329859 -21.110458 -21.005367 -21.135705 -21.024402 -20.953150 -21.304482 -21.246151 -21.205599 -21.010312 -21.102147 -21.309498 -21.229749 -21.084658 -21.056794 
-21.363394 -21.034903 -21.238969 -20.969444 -20.906384 -21.184076 -21.205599 -21.238890 -21.369689 -21.352621 -21.255120 -20.977169 -21.090135 -21.201003 -20.934188 -21.206176 -21.017621 -21.186456 -21.262705 -21.152789 -21.261321 -21.142258 
-21.358936 -21.066833 -21.022668 -21.031360 -20.958257 -21.088111 -20.952168 -21.000072 -21.158683 -21.066520 -20.965616 -20.931339 -21.007861 -21.286649 -20.953974 -21.245917 -20.915287 -21.354314 -21.128261 
-21.105437 -20.982154 -21.047351 -21.240685 -21.362042 -20.933866 -21.153722 -20.936669 -21.144800 -21.027161 -21.259215 -21.168872 
-21.110568 -20.982154 -21.047351 -20.929429 -21.051507 -20.933866 -21.185082 -21.123304 -21.280939 -20.985138 -21.308952 -21.041262 
-21.286575 -21.385024 -21.047351 -21.318457 -21.051507 -21.297429 -21.088859 -21.163369 -21.320716 -21.039127 -21.349926 -20.996886 -21.262301 -21.206376 -21.253954 -21.290263 
-21.210386 -21.247530 -21.306432 -20.941382 -21.204647 -20.941744 -21.209841 -20.988605 -21.051033 -21.183402 
-21.045000 -21.274557 -20.940371 -20.962973 -20.978768 -21.043027 -21.259081 -20.951881 -21.166531 
-21.389015 -21.364118 -21.065314 -21.253629 -21.260020 -20.953156 -20.954512 -21.083178 -21.125614 -20.950936 -21.019807 -21.021260 -20.900471 -21.074590 -21.168486 -20.992246 -21.257410 -21.137141 -21.130689 -21.257104 -20.950056 
-21.064478 -20.969396 -21.129432 -20.938582 -21.070458 -21.367497 -21.022414 
-21.064478 -21.096842 -21.267941 -21.202473 -21.184601 -21.053942 -21.335799 -21.352463 -21.166282 -20.968096 -20.912276 -21.083342 -20.917425 -21.059514 -21.219330 -21.208537 -21.060498 -21.210917 -21.339445 -21.135772 -21.373565 -21.204469 -21.203369 
-21.060498 -21.253935 -20.934510 -21.370255 -20.977184 -21.219442 -21.259977 -21.200751 -21.209843 -21.054095 -21.198265 -21.371563 -21.133898 -21.144755 -21.065791 -21.163648 -21.234219 -21.098629 
-21.002178 -21.280888 -21.054095 -21.059936 -20.968788 -21.201183 -21.130036 -21.242081 -21.106538 -21.355660 -21.131860 
-21.111235 -21.217757 -21.054095 -21.139820 -21.141359 -21.011560 -20.960111 -20.933503 -21.081422 -20.932166 -21.153451 -21.241005 -21.220131 -21.297671 -21.292750 -21.296626 
-20.901340 -21.145868 -21.048159 -21.091844 -21.275710 -20.984718 -21.116985 -21.027411 -21.128137 -20.994471 -21.300873 -21.133666 -21.249749 -21.191686 -21.215420 -21.022601 -21.345278 -20.877699 -21.163343 -21.024048 -21.033686 -21.106790 -21.052193 -21.128721 -21.305395 -21.104876 -21.274852 -21.023750 -21.136134 -21.094707 -21.350437 -20.947738 -21.371645 
-20.949572 -20.991895 -21.186489 -21.233985 -21.081496 -21.042331 -21.014592 -21.301118 -21.146351 -21.331420 -21.223206 -21.227744 -21.332809 -21.216494 -20.969945 -21.218896 -21.262433 -21.020512 -21.008924 -21.118838 -21.255207 -21.249925 -20.881528 -21.249830 -21.008536 -21.083459 -21.342820 -20.957673 -21.002473 -21.088541 -20.930072 -21.360488 -21.075940 
-20.998796 -20.976153 -21.135687 -21.106511 -21.128529 -21.189817 -21.133166 -21.204259 -21.225428 -21.243764 -21.089097 -20.930629 -21.015584 -21.056284 -21.022369 -20.881528 -21.051373 -20.917571 -21.008924 -21.018428 -20.991986 -21.306878 -21.125609 -21.070744 -21.236828 -20.951393 -21.272268 -21.194634 -20.929525 -21.294565 -21.248652 -21.070419 -21.001006 -21.153036 
-21.227623 -20.997846 -21.119299 -21.008924 -21.070409 -20.983526 -20.906170 -21.387695 -21.091312 -21.211629 -21.269679 -21.137134 -21.221271 -21.042629 -20.979202 -20.991986 -21.050799 -21.018428 -21.221499 -20.887819 -21.051973 -21.309041 -21.033762 
-21.112263 -21.114852 -20.935953 -21.008924 -21.180444 -20.954817 -21.296310 -21.017579 -21.103381 -21.185504 -21.090769 -21.043280 -21.099893 
-21.163085 -21.191944 -21.108217 -21.328189 -21.240755 -21.321036 -21.052366 -21.303233 -21.348242 -21.350757 -21.088699 -21.104646 -21.248032 -21.108494 -21.221672 -21.365997 -21.309002 -20.959768 -21.124275 -21.348821 -21.008612 -20.881466 -21.085097 -21.135743 -20.946403 -20.963934 
-21.248608 -20.965853 -21.109074 -21.339973 -21.323452 -21.311137 -21.044669 -21.269440 -21.293439 -20.883427 -21.231692 -21.078224 -21.075680 -21.186193 -21.033042 -20.866782 -21.146541 -21.093220 -21.047020 -21.086068 -21.375071 -21.305365 -21.244365 -21.041158 -21.089245 -21.092703 
-21.086889 -20.982025 -21.201492 -21.204792 -21.285564 -20.902047 -21.044669 -21.340383 -21.394129 -21.083876 -20.907163 -21.092333 -21.346001 -20.953272 -21.033042 -21.171035 -21.301989 -20.976067 -21.047020 -21.219589 -21.034673 -21.201120 -20.912632 -21.319055 -21.161961 -20.914039 -21.038311 -21.048529 -21.114330 -21.175919 -21.364434 -21.173630 
-20.887052 -21.219839 -20.879542 -21.156504 -21.052146 -21.265068 -21.199929 -21.083081 -21.292428 -21.000131 -20.936868 -20.943337 -20.959718 -21.011479 -20.933251 -21.308535 -20.983747 -21.135305 -21.240320 -20.934568 -21.054090 
-21.120755 -21.243767 -21.076473 -21.271900 -21.020924 -21.183443 -21.349476 -20.911478 -21.254156 -21.000131 -21.121695 -21.207226 -21.275312 -21.150494 -20.962573 -20.991940 -20.974487 -21.216956 -21.189465 -21.027746 -20.973362 -21.227092 -20.907882 
-21.322293 -21.031430 -21.027635 -21.097919 -21.056513 -21.321854 -21.259582 -21.019555 -21.263688 -21.154467 -20.997488 -20.997144 -21.045810 -20.974253 -21.094017 -21.149047 -21.236635 -21.099013 -21.306118 -20.919851 -21.048194 -21.172658 -21.003368 -21.141654 
-20.997144 -20.974253 -21.125390 -21.014478 -21.183852 -21.275984 -20.952342 -21.080502 -21.231799 -21.343125 -21.030305 
-21.069331 -20.886636 -21.015513 -21.305577 -20.950048 -20.932479 -21.053989 -21.173692 -21.125135 -20.933601 -21.022060 -21.195800 -20.959875 -21.333468 -21.100569 
-21.169789 -21.301961 -20.962219 -21.299505 -21.311103 -20.932479 -21.010031 -21.019784 -21.117600 -21.320752 -21.322493 -21.074527 -20.989746 -21.218817 -20.947816 -21.024633 -21.238509 -21.123862 -21.296946 -20.931608 -21.005022 
-20.944294 -21.115062 -20.927254 -21.074099 -20.868609 -20.975675 -21.278066 -21.370034 -21.107095 -21.120918 -21.226952 -21.074527 -21.252170 -21.315188 -21.353462 -21.105989 
-21.220779 -21.074527 -20.927625 -20.985324 -21.349224 -20.958001 -21.222731 -21.289397 -21.035229 -20.981014 
-21.161225 -21.074527 -20.927625 -21.071945 -20.890511 -20.958001 -21.327694 -21.025555 -21.119043 -21.214584 -21.168120 -20.925081 -20.987262 -21.060951 -21.186184 -20.931848 -21.284005 -21.365236 -21.136099 -21.109316 -21.117265 -21.145134 -21.188410 -21.189416 -21.360485 
-21.113693 -21.074527 -21.400451 -21.029090 -20.956964 -21.320861 -21.115775 -20.948686 -21.341270 -21.253794 -20.871634 -21.152326 -21.343340 -21.068562 -21.291519 -21.031811 -21.105991 -20.972534 -20.936299 -21.147997 
-21.257884 -21.184745 -21.031811 -21.029090 -21.134133 -21.038522 -21.333091 -21.377877 -21.017076 -21.186658 -21.015032 -21.036106 -20.994885 -21.127471 -21.277269 -21.157973 -20.970740 -21.372041 -21.360259 -20.981542 -21.197488 -21.281733 -21.392088 -21.367786 -21.111307 -21.176133 -21.191183 -21.132867 -21.333602 -20.918119 -21.037949 -21.347737 -21.105563 -21.006896 -21.088157 -21.106822 -21.114236 -20.989641 -20.927125 -21.332250 -21.235039 -21.011207 -21.208729 -21.384550 -21.170463 -21.110764 
-20.903476 -21.044785 -21.031811 -20.903189 -21.271530 -21.237884 -20.921356 -21.005440 -21.060009 -21.175747 -21.033965 -21.322366 -20.924919 -20.865819 -21.220518 -20.928689 
-20.926449 -21.210201 -21.031811 -21.147931 -20.980525 -21.325714 -21.189271 -21.269797 -20.948002 -20.918036 -21.033965 -20.950360 -21.105479 
-21.185262 -21.060540 -21.031811 -21.290973 -20.989093 -20.880185 -20.882341 -21.233129 -20.948002 -21.196460 -21.033965 -21.194659 -21.346882 -21.055567 -20.912974 -21.319280 -21.364162 -21.042661 -21.233713 -21.147899 -21.299014 -21.113913 -21.053426 -21.029916 -20.977046 -21.068668 
-21.158586 -21.385781 -21.032778 -21.025494 -20.950020 -21.332073 -21.291436 -21.135624 -20.948002 -21.048421 -21.033965 -21.092548 -21.386262 -21.065250 -20.912974 -21.295803 -20.979061 -21.090911 -21.202807 -21.268587 -21.171393 -21.340100 -21.284098 -21.133020 -21.156840 -21.289764 -21.054400 -21.054941 -20.966719 -21.246241 
-20.949378 -21.232879 -21.126735 -21.095162 -21.033965 -21.092848 -21.261330 -21.017946 -21.045244 -20.979772 -21.151181 -21.006259 -21.128331 -21.382256 
-21.348942 -21.114427 -20.885479 -21.017946 -21.033965 -20.999477 -21.104488 -21.251475 -21.303473 -21.262932 -21.102914 -21.016187 -21.220397 -21.026335 
-20.927496 -21.305326 -21.067433 -21.017946 -21.033965 -21.228158 -20.922493 -21.119405 -21.046471 -21.274302 -21.165765 -21.267092 -21.051850 -21.049206 -21.151639 
-21.013765 -20.932261 -20.972025 -21.200125 -21.273842 -21.052198 -21.366842 -20.970109 -21.208935 -21.064202 -21.150787 -21.149467 
-20.981990 -20.892148 -20.972025 -21.116424 -21.134971 -21.052198 -20.907722 -20.979896 -21.267222 -21.119408 -21.341693 -21.238762 -21.216586 -21.099603 -21.251215 -21.045523 -21.070872 -21.025097 -21.221057 
-20.981990 -21.111104 -21.266997 -21.054340 -20.944048 -21.232472 -21.241934 -21.214404 -21.023921 -21.039281 -21.129958 -21.067738 -21.190845 -21.116777 -21.227816 
-21.040054 -20.987692 -20.968090 -21.359812 -21.113494 -21.015694 -21.085434 -21.123338 -21.009569 -21.065271 -20.996176 -21.145634 
-21.078166 -20.987692 -20.968090 -21.322369 -21.175205 -21.015694 -21.006546 -21.241490 -21.072282 -21.226712 -21.074997 -21.328176 -21.130902 
-21.251366 -20.987692 -21.095480 -21.110036 -21.215406 -21.099431 -21.249050 -21.093445 -21.058498 -21.025722 -21.010317 -21.394456 -21.140028 -21.203848 -20.920860 -20.902873 -21.304608 
-21.323434 -21.236814 -20.949876 -21.090599 -21.087197 -20.941173 -20.988823 -21.381100 -21.261402 -21.027215 -21.314120 -21.066702 -21.225191 -21.055144 -21.376857 -21.027903 -21.336019 -21.138334 
-21.276971 -20.976638 -20.971981 -21.264733 -21.238118 -21.197057 -21.163505 -21.098867 -21.249768 -21.082512 -21.101656 -20.993848 -21.322043 -21.104072 -21.139106 -21.251305 -21.270933 -21.023427 -21.319251 -20.915121 -21.105747 
-21.082512 -21.098867 -21.186038 -21.139527 -21.067318 -21.224818 -20.999614 
-21.082512 -21.219409 -21.037929 -21.125581 -21.279222 -21.156600 -21.240891 -21.243668 -21.106206 -20.917219 -21.035060 -20.884154 -21.027004 -21.313071 -21.091854 -21.337042 -21.308378 
-21.250276 -21.047005 -21.370370 -21.031422 -21.213843 -20.921896 -21.193355 -21.136861 
-21.113422 -20.974150 -21.147438 -21.246123 -20.958260 -21.128338 -21.033110 -21.136648 -21.170995 
-21.045824 -20.904630 -21.196400 -21.103855 -20.909428 -21.030036 -21.378014 -21.170967 -21.050559 -21.076416 -21.315967 -21.146269 
-21.319935 -21.060219 -20.948554 -21.055861 -20.961514 -21.308740 -21.172973 -20.987196 -21.002900 -21.115373 -21.086001 -21.196728 -21.246631 -21.258722 -21.307179 -21.147359 -20.954920 
-21.129680 -21.104022 -21.002722 -21.151790 -21.043525 -21.296240 -20.930708 -20.966255 -21.261374 -21.132405 -21.102928 -21.069709 -21.375880 -21.378931 -21.081106 -21.098682 -21.190265 -20.977410 -21.218731 -21.127788 
-21.187095 -21.079382 -20.981409 -21.038172 -21.048851 -21.053906 -21.066193 -21.302476 -21.025531 -21.029637 -21.189761 -21.091834 -21.122120 -21.110021 -21.318455 
-21.158306 -21.296663 -21.064393 -21.168012 -21.224975 -21.008398 -21.023512 -20.981652 -21.070132 -21.146856 
-21.358874 -21.329802 -21.104851 -21.341528 -20.954292 -21.047742 -21.015042 -21.325410 -21.346190 -21.149127 -21.261194 -21.140131 -21.148953 
-21.244237 -21.157168 -20.925031 -21.283824 -20.970652 -21.376431 -21.114808 -21.185795 -21.066976 -20.976821 -20.986698 -21.246673 -21.070266 -20.976706 -21.166965 -21.249340 -21.210815 -21.226004 -21.328855 
-21.224322 -21.057195 -21.134073 -21.112139 -21.191126 -21.024182 -21.114808 -21.038423 -21.026883 -21.262190 -21.107496 -20.939380 -21.071162 -21.333312 -21.115862 -21.340170 
-21.310146 -21.253685 -21.276989 -21.171565 -21.079075 -21.074885 -20.974924 -21.040685 -20.989118 -21.002262 -21.057143 -20.992153 -21.078114 -20.932745 -21.115339 -20.879864 -21.110893 -21.027836 
-21.213783 -21.135583 -21.100508 -20.940528 -21.383256 -21.090204 -21.078114 -21.050304 -20.925208 -21.055150 -21.099495 -21.054215 -21.227439 -21.221272 -21.187053 -21.161239 -20.989847 -21.295136 -21.114048 -21.151712 -21.157443 -21.045063 -21.232546 -21.329371 
-21.243594 -21.353350 -21.045538 -21.127397 -21.151577 -20.910754 -21.010459 -20.974529 -21.079715 -21.212960 -21.255458 -21.057454 -21.282849 -21.104718 -21.299687 -21.219417 -21.085055 -21.294815 -21.212283 -20.933678 -20.979894 -21.214394 -21.217698 -21.335193 -21.299940 -20.878515 -21.067689 -21.064710 -21.068595 -20.938720 -21.031293 -21.013673 -21.028482 -21.186204 -21.206671 -21.134690 
-20.919857 -21.353350 -21.207062 -20.955651 -21.148623 -20.863635 -21.267528 -20.974529 -21.231736 -21.248555 -21.080981 -21.222980 -21.329042 -21.056864 -21.062667 -21.011319 -20.875848 -21.376135 -21.206832 -21.072160 
-20.934000 -20.977707 -21.158734 -21.072752 -21.284697 -21.352361 -21.369505 -21.208018 -21.023551 -21.082522 -21.204570 -21.136581 -21.157175 -21.132098 -21.038389 
-21.248540 -21.168140 -21.100939 -21.041978 -20.938199 -20.901086 -21.190962 -21.031974 -21.137174 -21.192720 -20.913897 -20.993289 -21.221379 -20.923922 -21.076527 -21.145166 -21.361936 -20.988426 -20.952688 -21.215063 -21.122478 -21.277779 
-21.120195 -21.166251 -21.144332 -20.908327 -21.113433 -21.288581 -21.272581 -21.038850 -21.164859 -20.904276 -20.889996 -21.231398 -21.097668 -21.386705 
-21.120195 -21.179432 -21.104882 -20.990982 -21.127125 -20.996532 -21.210423 -20.946888 -21.377120 -21.010080 
-21.120195 -21.026856 -21.186102 -21.289477 -21.127125 -21.006139 -21.057195 -20.946888 -21.321821 -21.122862 -21.367401 -20.897547 -21.148847 -21.242228 -21.285417 -21.021754 -21.203496 -21.072360 -21.035675 -21.171124 -21.287686 -21.134494 -21.110172 -20.960022 -21.134497 -20.893774 -21.075916 
-21.120195 -21.128376 -21.214568 -21.177609 -21.070584 -21.141097 -21.242109 -20.946888 -21.144176 -20.937363 -20.914277 -20.897547 -21.058237 -20.872668 -21.103504 
-21.241632 -21.254795 -20.934023 -21.193268 -21.132183 -21.324738 -21.309320 -20.932935 -21.058237 -21.051809 -21.353464 -20.989285 -21.152614 -20.909798 -21.190339 -20.959909 -21.104084 -20.942493 
-21.132812 -21.338094 -21.294322 -21.019264 -21.213123 -21.129292 -20.894277 -21.153154 -21.011608 -21.345993 -21.214658 -21.288919 -21.081871 -21.122521 -20.926135 -21.047537 -21.281391 -21.275692 -21.007981 -21.171451 -20.951240 -21.278394 -21.308037 -21.116415 -21.217274 -20.976922 -21.350084 -21.324703 -21.290767 
-21.045414 -21.167550 -20.932502 -20.953019 -21.003075 -21.129292 -21.166768 -20.981086 -20.977173 -21.143923 
-20.943527 -21.161100 -21.002092 -20.900442 -21.269663 -21.129292 -21.136467 -21.046046 -21.021761 -21.169564 -20.941560 -21.198646 -21.155811 -20.934348 -21.248437 -21.035443 
-21.324950 -21.185694 -21.002092 -21.081153 -21.102685 -21.129292 -21.216747 -21.046046 -21.383014 -21.167280 -21.246407 -21.070032 -21.147500 -21.118962 -21.161698 -20.914745 -21.298241 -21.054838 -20.967732 -21.247233 -21.141462 -21.263944 -21.034699 -21.316012 -21.078310 -20.917778 -21.232313 -21.310624 -21.253181 -21.285184 -21.151961 
-21.210783 -21.371209 -21.058437 -21.137530 -21.320259 -21.129292 -21.370329 -21.159373 -20.979545 -21.246864 -21.152865 -21.107192 -21.021146 -21.029980 -21.150235 -20.939065 -21.005715 -21.116278 -20.958306 -21.288214 -21.214731 -21.396651 
-21.148910 -21.005202 -21.270095 -21.029230 -21.203308 -21.154942 -21.004208 -20.987389 -21.151038 -21.255075 -21.083679 -21.155624 -21.040512 -21.120836 
-20.926345 -21.189006 -21.270095 -21.099268 -20.952996 -21.165975 -21.352586 -21.232296 -21.083713 -21.292998 -20.979530 -21.234548 -21.188011 -21.084025 -21.116373 -21.148229 -21.098810 -21.166416 -21.229253 -21.042778 -21.220844 -21.137953 -21.007531 -21.074901 -21.107008 -21.283250 
-21.179151 -20.980778 -21.017538 -21.017150 -21.187287 -21.318038 -21.371211 -20.976269 -21.136274 -21.052103 -21.295143 -21.204149 -21.195599 -21.130575 -20.891773 -21.191892 -20.994053 
-21.268999 -21.381464 -21.273658 -21.253136 -21.167280 -21.101445 -21.211390 -21.201202 -21.352739 -21.023301 -21.079806 -21.195374 -21.094630 -21.006517 -21.337148 -21.191282 -21.205281 
-21.083347 -21.094630 -21.105062 -21.069375 -21.246767 -21.113045 -21.006679 -21.028922 -20.977818 -20.986467 -20.897667 -21.209279 -21.044971 -21.051858 -21.052120 -20.890463 -21.146872 
-21.124303 -21.094630 -20.986467 -21.378716 -21.021323 -21.148413 -20.885662 -21.200855 -20.959616 -21.129628 -21.044447 -21.114170 -21.272277 -20.885846 -21.357673 -21.401685 -21.062712 -21.074305 -20.894524 
-20.928547 -21.104109 -21.143164 -21.358789 -21.090757 -21.242002 -21.282590 -20.944085 -21.076852 -21.089502 -20.947725 -21.331039 -21.189786 -21.085550 -21.230901 -21.292499 -21.307242 
-21.009061 -21.104109 -21.329815 -21.099680 -21.090757 -20.865836 -21.343917 -20.944085 -21.148827 -21.126973 -21.028165 -21.327911 -21.117716 -21.131744 -21.247750 -20.969474 -21.278340 -21.365790 -21.228429 -20.872994 -20.961923 
-21.248996 -21.104109 -21.120256 -21.177715 -21.218622 -21.079234 -21.266017 -21.101927 -21.118433 -21.284311 -21.328614 -20.897422 -21.021828 -21.352524 -21.216191 -21.128984 -21.122361 
-20.995274 -21.104109 -21.280200 -21.320825 -21.012185 -20.934666 -21.239857 -20.903050 -21.241254 -20.948067 -20.965212 -20.897422 -21.238738 -21.278989 -21.030532 -21.112596 -21.301835 -20.964472 -21.025706 -21.147562 -21.369032 -21.021695 -21.142455 
-21.189311 -21.178741 -21.194165 -21.235191 -20.981652 -21.148587 -21.307567 -20.985140 -21.059836 -21.098285 -21.208349 -21.217356 -20.884082 -21.305514 -21.142439 -21.086776 -21.084773 -21.232159 -21.215893 -21.350531 
-21.099891 -21.040623 -21.157272 -21.112565 -21.202210 -21.333421 -20.971996 -20.906140 -20.981119 -21.324063 -21.369821 -21.295615 -21.020688 
-20.955522 -20.959352 -21.046833 -21.036521 -21.004645 -20.947846 -21.155501 -20.979546 -21.104656 -21.335445 -21.229013 -21.040397 -21.296173 -21.037058 -21.061318 -21.331077 -21.077733 -20.969124 -21.328745 -21.059920 -21.310527 -21.192253 
-21.282893 -20.925534 -20.945781 -21.241779 -21.037058 -21.036368 -21.080805 -21.040397 -21.061957 -21.212094 -21.040986 -21.346328 -20.890729 -21.315633 -21.220355 -21.274154 -21.299673 -20.963157 -21.335906 -20.951402 -21.326193 -21.145682 -20.935609 
-21.348331 -20.925534 -20.945781 -20.955060 -21.037058 -21.221694 -21.091924 -21.040397 -21.212238 -21.077023 -21.111312 -21.085822 -20.990066 -21.245386 -20.965735 -21.090984 
-21.353202 -21.283928 -21.063564 -21.136584 -21.040448 -21.165174 -21.278558 -21.040397 -21.283617 -21.340928 -20.991900 -21.262530 -21.171663 -21.288414 -21.198101 -21.100898 -21.302749 -20.948841 -21.035744 -21.102690 -21.148766 -20.994674 -21.344144 -21.275547 -21.362219 -21.262334 -21.203288 -21.043188 -21.122328 -21.251439 
-20.886589 -21.233687 -21.165296 -21.234529 -21.040448 -20.948841 -21.019630 -21.040397 -21.100293 -20.989560 -21.124285 -21.196973 -21.233977 -21.294346 -20.934693 -21.076385 -21.080719 -21.332628 -20.989544 -20.988764 -21.107365 -20.913237 -21.251807 -21.338210 -21.032637 -21.029770 
-21.311296 -21.021129 -21.286263 -21.104400 -21.043426 -20.948841 -20.971564 -21.040397 -21.080823 -21.221005 -21.346574 -21.078208 -21.040486 -21.240354 -21.230603 
-21.120088 -21.021129 -21.064018 -20.977928 -21.385182 -20.923960 -21.067694 -21.040397 -21.306247 -20.927149 -21.062083 -21.063625 -20.912288 -21.186305 -21.218546 -21.250423 -21.257971 -21.077874 -21.231560 -21.230372 -21.161438 -20.925337 -21.071898 -21.097986 
-21.069103 -21.200113 -21.226881 -21.230983 -21.200101 -21.116597 -21.038200 -21.314974 -21.306247 -20.927149 -21.056605 -21.133244 -20.887815 -21.082603 -21.150994 -21.213801 -21.348431 -21.209577 -20.947153 -21.059051 -21.243176 -21.245142 -21.043918 -20.873651 -21.254423 -21.189802 -21.240279 
-21.137410 -21.099700 -21.078725 -21.201701 -21.338558 -20.924160 -20.930824 -21.178397 -20.949565 -20.927149 -20.979222 -21.039091 -21.053175 -20.899632 -21.266126 -21.034765 -21.215599 -21.189136 -20.954248 -21.181603 -21.323398 -21.268930 -21.104369 -21.130405 -21.285754 -20.907989 -20.995652 -21.251994 -21.196147 -21.262145 -21.062016 -21.224669 -20.903401 
-21.131524 -21.003753 -21.145748 -21.262145 -21.299347 -20.968361 -21.116260 -21.111662 -21.169718 -20.927149 -21.064974 -20.979337 -20.921310 -20.899632 -21.058112 -20.939425 -21.035342 -21.082294 -21.158598 -21.262618 -21.323398 -21.178783 -21.145541 -21.072364 -21.285754 -21.250813 -21.087860 -21.111065 -21.024918 -20.966884 
-20.967992 -21.009859 -21.326174 -20.983508 -21.099237 -21.039673 -21.175054 -21.037331 -21.056524 -20.927149 -21.135920 -21.056669 -21.175079 -20.899632 -21.263344 -21.311653 -21.240132 -21.245874 -21.051460 -21.155237 -21.057714 -21.114426 
-20.927149 -20.925886 -21.239887 -20.943433 -21.105020 -21.239164 -21.064894 -21.056669 -21.056524 -21.093250 -21.121841 -21.139849 
-21.094922 -20.982120 -21.044800 -21.196604 -21.166193 -21.344354 -21.184653 -21.056700 -21.136337 -21.273125 -21.042367 -21.245766 -21.251841 -21.237489 -21.002493 -21.124474 -21.141628 -21.146303 -21.247501 
-21.051230 -20.992059 -20.925019 -21.105147 -21.310491 -21.122827 -21.068814 -21.111375 -20.991672 -21.261830 -21.135743 -21.317100 -20.942085 
-20.990068 -20.917089 -20.925019 -21.001906 -21.149671 -21.122827 -21.068814 -21.295987 -20.991672 -21.233392 -21.135696 -21.367928 -21.012087 -21.125958 
-21.083197 -21.098988 -21.171692 -21.057884 -21.096743 -20.918152 -21.040610 -21.238063 -21.146370 
-20.949324 -20.924330 -21.270484 -21.081375 -21.073448 -21.080694 -21.314761 -21.229387 -21.040929 -21.082512 -20.906923 -21.059629 -21.351360 -21.357357 
-21.026809 -21.317030 -21.059629 -20.977508 -21.143031 -20.959144 -20.935531 -21.284146 -21.032631 -21.359379 -21.396151 -21.356180 -21.397071 -21.291327 
-21.166091 -20.956844 -21.179194 -21.152793 -21.170938 -21.228211 -21.174780 -21.207824 -21.041353 -21.206698 -21.126253 -21.320417 -21.025162 -21.156211 -20.996310 -20.933277 -21.333672 -21.063487 -21.058086 -21.137843 -21.051629 -21.224301 -21.285699 -21.061323 -21.209006 -21.270380 -21.344089 -21.102797 -21.189362 -21.359610 -21.176217 -21.371409 -21.032714 
-21.018769 -21.005126 -21.088532 -20.990363 -21.360930 -21.011511 -21.115965 -21.207824 -21.274036 -21.206698 -21.183692 -21.066132 -20.967805 -21.137843 -21.090157 -21.302602 -21.305100 -21.309555 -21.228466 -21.070043 -21.217687 -20.963531 -21.247304 -21.234584 -21.176079 -21.289923 -21.348952 -21.256403 -21.336297 -21.365361 
-20.943709 -21.053998 -21.070043 -21.124946 -21.127962 -21.137285 -21.063315 -21.331571 -21.235485 -20.956756 -21.153515 -20.992356 -21.221407 -21.246649 -20.937988 -21.013319 -20.889942 -21.196465 -21.352226 -21.145351 -21.135409 -20.948055 -21.112125 -21.103913 -21.202353 
-21.099356 -21.237866 -20.997497 -21.098600 -21.089610 -21.339777 -21.063315 -20.971297 -21.302989 -21.066658 -20.866163 -20.994685 -21.072429 -21.330305 -20.943243 -21.348075 -21.255502 -21.097306 
-21.123762 -21.068845 -21.126519 -20.938671 -21.063315 -21.220316 -21.267546 -21.335187 -21.239443 -21.299729 -21.363026 -21.041462 -21.308387 -21.039619 -21.369384 -21.385187 -21.031140 
-21.258300 -21.068845 -21.363441 -21.208044 -21.063315 -21.123992 -20.946611 -21.083021 -21.201997 -21.285499 -20.905846 -21.286377 -21.125393 -21.180978 -21.313168 -21.298908 -21.119698 -21.074676 -21.237422 -21.199248 
-20.939690 -21.068845 -21.198532 -21.272813 -21.063315 -21.284597 -20.946611 -20.995684 -21.108243 -21.149335 -20.905846 -21.184112 -21.234895 -21.192909 -21.014807 -20.988017 -20.898973 -21.019487 -21.300449 -21.061524 -21.264581 -21.084099 
-21.211576 -21.068845 -21.272086 -21.056559 -21.063315 -21.103288 -20.985398 -21.119796 -20.949578 -21.138462 -20.927788 -21.240635 -21.001317 -21.263656 -21.160767 -21.014657 -21.230250 -21.132223 -21.072470 -21.186980 
-21.065950 -21.251652 -21.270265 -21.349434 -21.063315 -21.170288 -20.985398 -20.962460 -21.255917 -21.159512 -21.134521 -21.152675 -21.036372 -21.076458 -21.018408 -21.275823 -21.053667 -21.107957 -21.256148 -21.184466 -20.969623 
-21.137681 -21.180006 -21.223020 -20.947253 -21.177594 -21.207410 -20.985398 -20.978198 -21.005119 -21.061672 -21.319187 -21.387280 -21.100822 -21.359627 -21.197771 -21.126207 -21.136922 -21.191995 -21.201847 -21.038201 -21.072919 -21.392442 -21.075025 
-20.942025 -21.359394 -21.070705 -21.114855 -20.875062 -21.102148 -21.332699 -20.938002 -21.245561 -21.044330 -21.380937 -21.069667 -20.948252 
-20.954164 -21.148669 -21.024626 -21.103638 -21.030295 -21.015743 -21.188295 -21.204272 -21.296384 -21.214990 -21.268282 -21.145393 -21.075126 -21.376154 -21.138717 -21.002074 -20.998348 
-20.954164 -21.231904 -21.095901 -21.103638 -21.343252 -21.015743 -21.002496 -21.350740 -20.887457 -21.223151 -21.346115 -21.149866 -21.176097 -21.119366 -21.281740 -20.954397 -21.091276 -21.250331 -21.031276 -21.350310 -21.042333 -21.254339 -21.115442 -21.028058 -21.198837 -21.022671 -21.185931 -21.108017 -21.187738 -21.211163 -21.079995 
-21.090941 -21.062565 -21.053605 -21.330695 -21.006887 -20.997455 -21.208678 -21.225411 -21.037965 -21.134911 -21.241160 -21.042991 -20.989863 -21.004146 -21.304768 -21.069258 -21.284421 -21.181103 -21.077836 -20.954083 -21.142070 -21.295595 -21.343924 -21.130748 -21.355706 -21.357098 
-21.198071 -21.178144 -20.937931 -21.202263 -21.002488 -20.895660 -21.053112 -21.096846 -21.053331 -20.965977 -21.327466 -21.148344 -21.239499 -21.020646 -21.285373 -21.321518 -21.155517 -21.171197 -21.062953 -21.175737 -21.030812 -21.274426 -20.980781 -21.104725 -21.316491 -21.122201 -20.995956 -21.235447 -21.223896 -21.280320 -21.262196 
-21.041382 -20.935406 -21.223927 -21.020646 -20.918209 -21.125203 -21.029860 -21.154940 -21.053331 -20.965977 -21.246631 -21.260656 -21.228796 -20.941618 -21.314453 -21.288198 -20.981096 -21.228821 -20.897580 -21.242103 -21.027561 -21.244251 -21.249186 -21.260600 -21.080157 -20.901280 
-21.261807 -21.117518 -20.967943 -21.280055 -20.917451 -21.020254 -20.943635 -21.015954 -21.336592 -21.077141 -21.123728 -21.095606 -20.949505 -21.142745 -21.318578 -21.062507 -21.160385 -21.098785 -21.230716 -21.136732 -21.349354 -21.303328 -21.194392 -21.132072 -21.385782 -21.134760 -21.134154 -21.388674 -20.923450 
-21.054873 -21.154257 -21.376751 -21.085082 -21.249796 -21.121276 -21.005862 -20.876516 -20.892187 -21.163586 -21.208562 -21.168791 -21.288162 -21.081933 -21.397841 -21.314236 -21.136194 
-21.187251 -21.154257 -21.018901 -21.085082 -20.880527 -21.292495 -21.005862 -21.047994 -21.323388 -21.154891 -21.206052 -21.296400 -21.154210 -21.089177 -21.303092 -21.048452 -21.290629 
-21.048619 -21.154257 -20.936632 -21.075315 -21.255008 -21.156618 -21.005862 -21.362285 -20.910554 -21.184774 -20.949973 -21.374188 -21.197950 -21.068094 -21.236993 -21.322118 -20.879626 -21.053022 -21.029128 
-21.113037 -21.031487 -20.992230 -21.075315 -21.351345 -21.177911 -21.005862 -21.100951 -20.967540 -21.296752 -21.210652 -21.138453 
-21.155535 -21.069366 -20.956018 -21.030320 -21.082607 -21.144414 -20.984440 -21.100951 -21.086825 -21.184485 -20.976227 -20.988878 -21.280183 -20.972175 -20.939491 -21.036173 -21.264929 -21.144882 -21.257766 -21.087796 -21.035286 -21.283048 -21.000327 -21.104285 -21.151790 -21.231936 -21.143807 -21.103858 -21.231167 -21.289937 
-21.208831 -20.983516 -21.366355 -20.934983 -21.267711 -21.134623 -20.974551 -21.044487 -21.234527 -20.963855 -21.052127 -20.929214 -21.321386 -20.913416 -20.978555 -21.021687 -21.071975 -21.389715 -21.092540 -21.186579 
-21.067508 -21.067361 -21.012996 -21.156083 -21.244837 -20.997703 -21.057643 -20.870812 -21.099339 -21.046974 -21.052127 -21.185890 -20.962139 -21.060302 -21.068944 -21.197213 
-21.056795 -20.998587 -21.225494 -21.007811 -21.038680 -21.032297 -21.057643 -21.383881 -21.342193 -21.100718 -21.056131 -21.071800 -21.322408 
-21.175242 -21.098675 -21.143217 -21.258754 -21.164819 -21.032297 -21.057643 -21.122569 -21.087476 -21.160204 -20.929596 -21.297881 -20.936666 -21.252704 -20.963260 -21.053271 -21.316137 -21.025918 -21.146691 -20.950138 -21.240207 -21.147365 -21.338459 -20.969713 -20.927665 -21.002201 -21.221987 
-21.175278 -21.022405 -21.141352 -21.272551 -20.972592 -21.032297 -21.057643 -21.146926 -21.111682 -21.253162 -20.967442 -21.164507 -21.237755 -21.225426 -20.962887 -20.904851 -21.358021 -21.220156 -21.220282 -21.392279 -21.384913 -21.118326 
-21.329160 -21.188180 -21.210497 -21.275353 -20.966717 -21.317033 -21.271427 -21.258951 -21.179546 -21.273517 -20.999023 -21.142595 -21.022786 -20.932941 -21.146565 -21.129072 -21.060444 -21.338130 
-21.255557 -20.909544 -20.932780 -21.343466 -21.262114 -20.936934 -21.229395 -21.160673 -21.031689 -20.951144 -21.063909 -21.116458 -20.896105 -21.248355 -20.992286 -21.092859 -21.217206 -20.938735 
-21.303651 -21.152160 -21.119896 -21.080615 -21.223321 -21.008623 -21.181853 -21.275915 -21.124233 -21.289420 -21.175924 -21.320083 -21.221385 -21.296647 -21.042554 
-20.897417 -20.971927 -21.002841 -21.087574 -21.205810 -21.103666 -21.069656 -21.187894 -21.355748 -21.139173 -21.184436 -20.914608 -21.255440 -21.092307 -21.333965 -21.278097 -21.320849 -20.944898 -21.101303 -21.077121 -21.061130 -21.196444 -21.351725 -21.106768 
-21.044653 -21.086218 -21.034718 -21.337479 -20.919312 -21.131354 -21.017769 -21.052701 -21.372268 -21.289933 -21.383778 -21.273510 -21.021884 -21.016554 -21.036841 -21.351265 -21.034301 -21.258287 -21.079049 -20.912472 
-20.943049 -21.017769 -20.937424 -21.113570 -21.036841 -21.211330 -21.263537 -21.082813 -21.011928 
-21.004074 -21.031234 -21.104532 -21.241163 -21.107335 -21.129007 -21.070475 -21.246507 -21.125389 -20.896906 -21.210750 -21.121967 -21.260200 -21.373669 -21.241284 -20.901720 -20.954255 -20.969907 -21.332331 -21.289956 
-21.289164 -21.141982 -21.285780 -21.056176 -21.089019 -21.252429 -21.156651 -20.979429 -21.315340 -21.298592 -21.178302 -21.177544 -20.983997 -21.332331 
-21.035682 -20.989245 -20.991567 -21.004515 -21.169344 -21.054741 -21.066350 -21.216203 -20.933605 -21.357336 -21.332331 -21.039119 -21.095656 -21.214398 -21.376826 -21.086072 -21.375301 -21.026498 -21.125029 -21.243374 -21.189981 -21.246267 -21.187855 -21.038256 -21.353085 
-21.238024 -21.193434 -20.991567 -21.004515 -21.092630 -20.895506 -21.107104 -21.126707 -21.186700 -21.240443 -21.172448 -21.165281 -21.121361 -20.977920 -20.979111 -21.259987 -21.376039 -21.139887 -21.036655 
-21.315606 -21.185287 -20.926199 -21.139419 -21.092630 -21.091521 -21.133670 -20.958253 -20.985279 -21.121791 
-21.320394 -21.194894 -20.972609 -21.139169 -21.092630 -21.087192 -21.264711 -20.948730 -21.284893 -21.237111 -20.896391 -21.002482 -21.113315 -21.196127 -20.981105 -21.382673 -21.372458 -21.279309 -21.341903 -20.907839 -21.203690 -21.209928 -21.035048 -21.363772 -21.162932 -21.219762 -21.322955 -21.020634 -21.242159 -21.328190 
-21.169123 -20.935779 -20.902117 -20.987784 -21.198175 -20.872375 -21.391547 -21.131018 -21.163645 -21.151830 -21.130787 -21.127347 -21.161892 -20.997033 -21.000391 -21.193869 -21.338405 -20.939777 -21.005627 -21.124348 -20.969159 -20.960957 -20.995708 
-21.239479 -21.125396 -21.228022 -20.968351 -21.384111 -21.014786 -20.949915 -21.136634 -21.338387 -21.087514 -20.991564 -20.997928 -21.054392 -21.185346 -21.109689 -21.261683 -21.104776 -21.231404 -21.002660 -20.978682 -21.206490 -21.288874 -21.163956 
-21.063373 -21.277406 -20.900643 -21.190762 -21.021839 -21.071904 -21.063336 -21.031180 -21.066198 -21.331550 -21.265278 -21.101701 -21.280200 -21.012932 -21.380926 -21.255837 -21.157416 -21.129060 -21.157555 -20.912938 -21.236477 -21.158715 -20.895054 -21.187349 -21.361726 -20.874392 -21.015693 -20.889004 -21.039741 -21.253669 -21.109831 
-21.097894 -21.329063 -20.906374 -20.999645 -20.978036 -21.188987 -21.125409 -21.273382 -21.294669 -20.876439 -21.374033 -21.278829 -21.123635 -21.229282 -20.940457 -21.031729 -21.014459 -21.157223 -21.039038 -21.357507 -21.380305 -21.227669 -21.309943 -21.118469 -21.105995 -21.095489 -21.226328 -21.286198 -21.233978 -21.285960 -20.934407 -21.147963 
-20.992602 -21.150525 -20.906374 -21.121793 -20.980217 -21.146675 -21.288376 -20.995594 -21.304291 -21.181889 -21.320490 -21.208624 -21.309315 -21.039038 -20.988786 -21.188549 -21.140460 -21.266708 -21.071329 -21.072564 -21.078760 -21.117361 -21.141980 -20.923176 -21.244798 
-21.305445 -21.385060 -21.380644 -21.133603 -21.196807 -21.206907 -21.131691 -21.341956 -21.243238 -21.080832 -21.058381 -21.016144 -21.212358 -21.039038 -21.056310 -20.942857 -21.261462 -21.206980 -21.107553 -20.950111 -21.159184 
-21.179065 -21.082956 -21.107174 -21.039038 -21.083570 -21.264411 -21.325653 -21.132004 -20.895556 -21.080832 -21.016144 -20.987582 
-21.175288 -21.137459 -21.060451 -20.941042 -21.036101 -21.254728 -21.292086 -21.079300 -21.210296 -20.909451 -21.227013 -21.103168 -21.053294 -20.949198 -21.181594 -21.086130 -21.381115 -21.246277 -21.195322 -21.121436 -21.383595 -20.992360 
-21.152789 -20.900065 -21.166330 -21.032439 -21.161155 -21.041358 -21.095540 -21.222897 -21.142550 -21.029901 -21.037627 -21.140794 -20.975780 -21.272658 
-21.338488 -20.916549 -21.182480 -21.060425 -21.087519 -21.177507 -21.151155 -21.008239 -21.124813 -21.162251 -20.983037 -20.896591 -20.961858 -21.190079 -21.085064 -21.084545 -21.087685 -21.309735 -21.043735 -21.281406 -21.130616 
-21.233750 -21.354351 -20.931794 -21.047133 -21.043735 -21.008239 -20.951980 -20.866479 -21.309438 -21.024087 -21.248000 -21.163281 -21.081185 -21.266567 -21.211133 -21.214049 -21.027164 -21.078686 
-20.929678 -21.232658 -20.923667 -21.043803 -21.330869 -21.184133 -21.141685 -21.258152 -21.060886 -21.004260 -21.317499 -21.063141 -21.352502 -21.189999 -21.004764 -21.083015 -20.928438 -21.025463 -21.337833 -21.379487 -20.932151 -21.160449 -21.169741 -21.043003 -21.074741 -20.987183 
-20.929678 -21.318568 -20.923667 -21.242321 -21.015389 -21.047512 -21.035670 -21.121233 -20.952485 -21.156718 -21.034817 -21.166034 -21.195113 -21.255181 -20.945921 -21.264114 -20.870348 -21.064929 -21.144641 
-21.130506 -21.196028 -21.147193 -20.907571 -21.021697 -21.060954 -21.288194 -21.059046 -21.177775 -21.031554 -21.215797 -21.201538 -21.378580 -21.015006 -21.353421 -21.126017 -21.377002 -21.197102 -21.210202 -21.293059 
-21.107701 -21.056876 -21.199861 -21.016903 -21.240638 -21.330893 -21.367798 -21.059046 -21.147221 -21.081932 -21.192234 -21.151979 -20.973380 -21.062379 
-20.923275 -21.060996 -21.201645 -21.271451 -21.259650 -20.977392 -20.929772 -21.069401 -21.259178 -21.085785 -21.115860 -21.393268 -20.968918 -21.081055 -20.881965 
-21.297580 -21.177781 -21.082876 -20.900500 -21.255952 -21.087719 -21.005115 -21.307438 -20.994593 -21.090984 -21.087426 -21.097053 -21.027185 -21.280086 -21.131893 -21.361440 -21.293776 -21.063287 
-21.076128 -21.226820 -21.111116 -20.933150 -21.359839 -21.280066 -21.198803 -21.294738 -21.369095 -21.102601 -21.301016 -20.919803 -21.068783 -21.088258 -21.176579 -21.197421 -21.101496 -21.061171 -21.002560 -21.213666 -21.303236 
-21.109498 -20.888558 -20.973310 -21.287989 -21.099753 -20.930772 -21.191690 -21.302001 -21.091978 -21.010786 -21.235728 -21.379463 -21.042794 -21.189198 -20.987826 -21.166366 -21.150847 -21.090742 -21.209292 -21.202803 -21.172120 -20.973103 -21.189326 -21.067940 
-21.017795 -21.151210 -21.062722 -21.235599 -20.997717 -21.018926 -21.191690 -21.211772 -21.023598 -21.102369 -21.112757 -20.930324 -21.185421 -21.231233 -21.037579 -20.958684 
-21.060410 -21.303512 -20.938180 -21.066862 -21.062410 -20.950543 -21.237571 -20.932080 -21.049601 -21.241398 -21.309539 -21.240797 -21.355212 -21.325876 -21.183346 -20.918433 -21.009521 -20.927753 
-21.060410 -21.280093 -21.087300 -21.066862 -20.977637 -21.238875 -21.189374 -21.155793 -21.173780 -21.293165 -20.954859 -21.181850 -21.283632 -21.125806 -21.048620 -21.007965 -21.056534 -21.336159 -20.926116 -21.208817 -21.316854 
-21.060410 -21.269022 -21.271442 -20.921313 -20.977637 -21.044934 -21.064146 -21.001958 -20.938035 -21.035537 -21.301295 -21.050587 -21.268268 -21.110186 -21.381704 -21.197102 -21.363840 -21.255770 -21.329951 -20.874556 -21.265758 -20.910356 
-21.060410 -20.910889 -21.150322 -21.278416 -21.093657 -20.885309 -21.169253 -21.271576 -21.267639 -21.046181 -21.309335 -21.050587 -21.050250 -21.019286 -21.095051 -21.234959 -20.913005 -21.051747 -21.071847 -20.934482 -21.310990 -21.262812 -21.305499 -21.349204 -21.096609 -20.965772 -21.223284 -20.931932 -21.267518 
-21.038330 -21.125743 -21.240250 -21.054499 -20.884301 -20.878028 -21.050587 -21.286178 -21.018709 -20.899063 -21.040915 -21.279952 -21.009742 -20.988137 -20.886906 
-21.085829 -20.958352 -20.951607 -21.364795 -21.096434 -21.278306 -21.050587 -20.983515 -21.053768 -21.158992 -21.037817 -21.040717 
-21.270456 -21.118966 -20.951607 -20.954461 -20.960363 -20.945126 -21.050587 -21.193059 -21.053768 -21.109283 -21.295128 -21.202856 -21.160578 -20.979128 -21.099671 -21.054833 -21.318867 -21.351427 -20.970349 -21.155549 -21.051591 -21.140450 -21.327069 -21.357354 -21.160028 -21.036696 -20.976250 -20.966000 -20.924370 -21.219977 -21.069061 -21.322656 -21.126481 -21.095907 -20.893580 -20.985911 -21.024702 -21.235417 -21.375908 -21.276069 
-21.102902 -20.925749 -20.967737 -20.907015 -21.252330 -21.259855 -21.050587 -21.347087 -21.053768 -21.139664 -21.090089 -21.030411 
-20.925821 -21.176639 -21.053768 -21.050587 -21.019282 -21.045819 -21.006048 -21.091956 
-20.927569 -21.196964 -21.372736 -21.122836 -21.055142 -21.000660 -21.037431 -21.084050 -21.223294 -21.273435 -21.253421 -21.180533 -21.244680 -21.050005 -21.090847 -21.047975 -20.925796 -21.096175 -21.174233 -21.086898 -21.086305 -21.226369 -21.192918 -21.054355 -21.086579 -21.044947 -21.098771 -21.066042 -21.313067 -21.292031 -21.391482 -21.025174 -20.897783 -21.051298 
-20.918962 -21.045515 -21.046344 -21.095151 -21.082552 -21.177777 -21.010879 -21.303457 -21.277847 -21.143700 -21.032759 -21.370369 -21.204500 -20.991033 -21.215502 -21.391192 -21.263496 -20.943450 -21.112052 -21.141224 -21.053206 -21.293150 -21.024895 -21.027345 -21.319209 -21.233296 -21.304528 -21.231365 -21.099821 -21.331630 -21.201934 -20.994487 -20.939299 -21.298563 
-21.041200 -21.169244 -21.169904 -21.095151 -21.039286 -21.131241 -21.169120 -21.366867 -20.934148 -21.190284 -21.152712 -21.108985 -21.319139 -21.145599 -21.126211 -21.083415 -21.179831 -21.145074 -21.267852 -21.024664 -20.937262 -21.027528 -21.015283 -21.043116 -21.096152 -20.949392 -21.211469 -21.250248 -20.926241 
-21.186661 -21.177872 -21.195549 -20.976471 -21.039286 -21.107990 -21.117785 -21.140585 -21.199037 -21.207907 -20.971366 -21.367139 -21.234201 -20.973172 -20.962254 -21.008291 -20.936639 -20.987651 
-21.202428 -21.233592 -21.151593 -21.084407 -21.129775 -21.090254 -21.000496 -20.975703 -21.061635 -21.053939 -21.300739 -21.080322 -21.087151 -20.978038 -21.107522 -20.942222 -21.131217 -21.381117 -20.978517 -20.970833 -20.918499 -21.117648 -21.063483 -21.207073 -21.229287 -20.987373 -21.064778 -21.311124 -21.092246 -21.116883 
-21.194598 -21.101328 -21.273105 -21.337758 -21.302017 -21.235176 -21.362190 -20.975703 -21.341184 -21.152843 -21.190577 
-21.072940 -21.232497 -20.975703 -20.984016 -21.140938 -20.995681 -21.058842 -21.263957 -21.361904 -20.912477 -21.225114 -21.239566 -21.112008 -21.002929 -21.276368 
-20.933326 -21.200240 -21.017256 -20.953710 -21.297786 -21.067628 -21.139956 -21.141743 -21.141707 -21.000546 -21.235820 -21.093234 -21.305379 
-21.394809 -21.251393 -21.089302 -21.248212 -21.015872 -21.400607 -21.327413 -20.924546 -21.295803 -20.940384 -21.055785 -21.280681 -21.316495 -21.142332 -20.895620 -21.085261 -20.943092 -21.070484 -21.131780 
-21.143220 -21.279318 -21.295803 -21.316495 -20.956335 -21.256718 -21.174947 -21.236762 -20.886175 -21.265437 -21.231202 
-21.238203 -21.234624 -21.043523 -21.065604 -21.010249 -20.896088 -20.980680 -21.127217 -21.178900 -21.079611 -21.202802 -21.396546 -21.261400 -20.948624 -21.309020 -20.900714 -21.021164 -20.928610 -20.961676 -21.104798 
-20.953139 -21.055285 -20.979843 -21.156171 -21.084412 -20.960065 -21.274492 -21.061293 -21.036278 -21.010202 -21.203558 -21.026160 -20.995251 -21.125268 -21.161802 
-20.986366 -21.119522 -20.943253 -21.031001 -21.010202 -20.971417 -21.115271 -21.065436 -20.909734 -21.038751 -21.125703 -21.319102 -20.990933 -21.242720 -21.231184 -21.027726 -21.250029 -21.187743 -21.072015 -21.092717 -21.070455 -20.968511 
-20.936833 -21.057615 -21.091088 -20.932343 -21.020022 -20.935873 -21.319329 -21.309406 -21.289243 -20.961638 -20.967792 -21.249948 -21.226340 -21.135784 -20.957477 -21.209697 -21.077926 -21.371453 -21.133891 -21.279884 -21.029680 -21.163384 -21.030723 
-21.245159 -21.195005 -21.176842 -20.922313 -21.107568 -21.104282 -21.065718 -20.976373 -21.350690 -21.155863 -21.249281 -21.183573 -21.135564 -21.247047 -21.194441 -21.012417 -21.222803 -20.980625 -21.375898 -20.995354 -21.226996 -21.148394 -21.038844 
-21.115569 -21.090005 -21.002526 -21.277669 -21.032299 -21.086497 -21.156410 -21.196127 -21.401268 -21.287010 -21.081879 -21.166885 -20.933219 
-21.311818 -21.022798 -20.905630 -21.373077 -21.376814 -21.259004 -21.009073 -21.081879 -20.971330 
-21.036767 -21.122929 -20.911421 -21.068640 -21.282057 -21.347408 -21.086332 -21.193784 -21.073153 -20.958275 -21.161006 -21.219763 -21.034605 -21.139926 -21.196707 -21.271173 -21.009135 -21.281662 -21.047684 -21.139194 -21.068890 -21.227068 -21.392618 -21.231194 
-21.036767 -21.044850 -20.913857 -21.068640 -20.937122 -21.120714 -21.387288 -21.147927 -21.252313 
-21.036767 -20.968415 -20.913857 -21.068640 -20.937122 -21.350265 -21.090989 
-20.992293 -20.976606 -21.009019 -21.095455 -21.305929 -21.366808 -21.099618 -21.112207 -21.294495 -21.296881 -21.260994 -21.120866 -21.312988 -21.162495 -21.296969 -21.235620 
-21.135948 -21.110119 -20.916158 -20.913885 -21.208512 -21.259591 -21.328190 -21.045474 -21.288465 -21.216473 -21.237122 -21.365119 -21.270441 -20.954613 
-21.262543 -21.115090 -21.115459 -21.290892 -21.154851 -20.968364 -20.916819 -21.115650 -21.343876 -21.133867 -21.218157 
-21.193378 -20.977291 -21.270815 -21.214452 -21.229476 -20.945098 -20.916819 -21.104362 -21.153268 -20.944403 -21.071099 -21.234814 -21.160473 
-21.071933 -21.050652 -21.271351 -21.163713 -21.123794 -21.346791 -21.227372 -20.945812 -21.332910 -21.238348 -21.005743 -21.086781 -21.195090 -20.923090 -21.218046 -21.122517 -21.242080 
-20.948006 -21.298071 -21.052536 -21.116758 -21.030790 -20.994304 -20.964633 -21.010045 -21.106168 -21.208383 -21.237626 
-20.948006 -21.070979 -21.123186 -21.085513 -21.108980 -21.045826 -20.964633 -21.185959 -21.102848 -21.177877 -20.897661 -21.058798 -21.157814 -21.012391 -21.390470 -21.059491 -21.261088 -21.152159 -21.168230 -21.193230 -21.076873 -21.089913 -21.069598 -21.122555 
-21.230486 -20.940797 -21.095301 -21.241514 -21.191764 -21.089913 -20.964633 -21.186264 -21.104811 -21.137014 -21.165730 -21.261744 -21.177844 -21.223065 -21.121350 -21.139150 -21.067833 
-21.256175 -21.112745 -21.095301 -21.116925 -20.904247 -21.298271 -20.965388 -20.962876 -21.170300 -21.082558 -21.093157 -21.185220 -21.219642 -21.079963 -20.985762 -21.246969 -20.916798 
-21.233486 -21.311642 -21.291868 -21.082558 -21.073215 -20.916798 -20.906281 -21.098337 -21.163007 -21.225877 
-21.051674 -21.098337 -21.055863 -21.082558 -20.912047 -21.040901 -21.261363 -21.233161 -21.051623 -20.958244 -21.033614 -21.152859 -21.217344 -21.248514 -21.191568 -21.161023 -21.305807 
-21.100695 -21.289122 -21.023385 -21.153010 -21.319123 -21.242847 -21.087590 -21.159122 -20.934054 -20.952851 -20.902466 -21.090951 -21.203302 -21.319909 -21.063793 -21.006389 -21.298086 
-20.942940 -21.095411 -20.934054 -21.019426 -20.958604 -21.137785 -21.087590 -21.309559 -21.349840 -21.398534 -21.029001 
-21.262210 -21.211187 -21.102702 -21.035997 -21.115250 -20.994687 -21.137346 -20.947102 -21.047792 -21.327885 -21.328671 -20.975256 -21.236234 -21.045272 -20.995923 -21.295610 -21.277865 -21.117917 -21.289320 -21.033166 -21.047448 -21.055029 -20.952547 -21.365524 -21.279719 -21.097291 -21.032544 -21.318734 
-21.324171 -21.392750 -21.220819 -20.971829 -21.115250 -21.115258 -21.378264 -20.996960 -20.992111 -21.076843 -21.070431 -21.053955 -21.035109 -21.118036 -20.966128 -21.201268 -21.007501 -21.057170 -21.280735 -21.357866 -20.974016 
-21.094997 -21.143938 -21.040138 -20.948351 -21.115250 -21.188651 -20.964953 -20.902644 -21.281175 -21.261412 -21.191255 -21.361038 -21.136759 -21.346663 -21.293168 -21.116154 -20.998975 -21.033689 -20.999713 -21.138602 -21.230465 -21.012611 -21.064296 -21.132271 -21.106139 -21.084856 
-20.911831 -21.033689 -21.040138 -21.174878 -20.999713 
-21.061670 -21.033689 -21.040138 -21.330058 -20.999713 -21.187965 -21.365984 -21.340312 -21.079078 -21.132143 -21.183598 -20.887303 -21.281950 -21.140425 -21.144580 -21.024881 -21.181086 
-21.200616 -21.033689 -21.040138 -20.887303 -20.999713 -21.124127 -20.903840 -21.146452 -21.085949 -21.280366 -21.101053 -21.073411 
-20.991431 -21.033689 -21.040138 -20.910759 -20.999713 -21.213475 -21.104502 -20.932997 -20.977143 -21.381000 -21.288035 -21.384152 -21.279763 -21.025826 -21.016058 -21.146570 -21.268356 -20.972965 -21.324515 -21.280258 
-21.224100 -21.033689 -21.249936 -21.372622 -21.297727 -21.046713 -21.037830 -21.003918 -21.259972 -21.151432 -21.031057 -21.140376 -21.066789 -21.180448 
-21.261171 -21.263128 -21.329144 -21.271433 -21.076960 -20.942488 -21.308585 -20.948722 -21.134188 -21.108966 -21.033220 -21.266835 -21.274852 
-21.256803 -20.972158 -21.114003 -21.053606 -20.994802 -21.390256 -20.933655 -21.195125 -21.391104 -21.224457 
-20.882758 -21.247881 -21.219335 -21.096973 -21.183415 -21.016932 -21.149367 -21.137719 -21.333836 -20.941344 -21.258537 -21.180258 -21.092255 -21.216804 -21.143759 -21.229848 -21.243093 -21.034942 -21.159852 -21.008194 -21.218601 -21.165558 
-21.122405 -21.312620 -21.331726 -21.221019 -20.991305 -20.941344 -21.199055 -21.292404 -21.117539 
-21.058445 -21.328582 -21.186590 -21.233204 -20.964990 -20.941344 -20.947214 -20.977920 -21.317914 -21.143111 -21.258325 -21.026567 -21.157860 -21.301992 -21.214831 -21.271199 -21.118488 -21.095268 -21.109513 -21.062847 -21.378722 -21.313196 -21.249748 -21.217067 -21.288189 -21.038890 -20.931404 -20.892972 -20.937424 
-21.223564 -20.984763 -21.177562 -21.093448 -20.892355 -21.165465 -21.283777 -21.062019 -21.262119 -21.153760 -20.991460 -21.026567 -21.061364 -20.907082 -21.247309 -21.246703 -21.055598 -20.894639 -21.182959 -20.952267 -21.034127 -21.283554 -21.136263 -21.007322 -21.201240 -21.357254 -21.064089 -20.976110 
-21.015223 -20.984763 -21.191923 -21.337901 -21.102448 -20.927998 -21.012821 -21.131589 -21.025948 -21.080045 -21.290566 -21.026567 -21.326316 -21.171100 -21.311014 -20.955722 -21.124671 -21.111756 -21.147798 -20.909982 -20.931117 -21.215134 -21.164660 -20.981171 -20.883667 -21.364161 -21.036252 -21.002726 -21.181972 
-20.953778 -20.984763 -21.086472 -21.053865 -20.886960 -21.047980 -21.360595 -20.896982 -21.025948 -21.086935 -21.069728 -21.026567 -21.265626 -21.177889 -21.289305 -20.886771 -20.935065 -21.108485 -21.327752 -20.953718 -20.892892 -21.333654 -21.289456 -20.944454 -21.093769 -21.135293 
-20.999448 -21.000296 -20.901278 -21.272196 -21.136475 -21.309931 -21.082071 -21.242123 -21.025948 -21.321833 -21.246107 -21.182604 -21.012707 -20.976692 -21.059625 -21.196116 -21.040077 -21.104511 -20.949547 
-21.039847 -21.012596 -21.035534 -21.363276 -21.253892 -21.090767 
-21.154522 -20.992188 -21.035534 -21.254750 -20.938105 -21.067546 -21.039695 -21.153569 -21.111954 
-21.181239 -21.264249 -21.078181 -21.179482 -21.034884 -21.190870 -20.983850 -21.089307 -21.015730 -21.068087 -21.094516 -21.093534 -20.907480 -21.107908 -21.353280 -21.156591 -21.289851 -21.136059 -21.385871 -21.041255 -20.991134 
-21.048959 -21.198462 -21.078181 -21.383955 -20.890050 -21.136454 -21.271345 -21.169045 -21.001724 -21.068087 -21.103487 -21.075887 -21.156727 -21.138198 -21.087150 -21.236015 -20.903821 
-21.175424 -21.345318 -21.078181 -21.035590 -20.906547 -20.924423 -21.340884 -21.242224 -21.013909 -21.068087 -21.141969 -21.190673 -21.047924 -21.378888 -21.335257 
-21.275816 -21.164064 -21.078181 -20.926017 -21.307688 -21.195546 -21.018891 -21.200157 -21.013909 -21.068087 -21.086938 -21.146198 -21.207426 -21.213259 -21.100869 -21.170832 -21.206217 -21.185130 -21.037277 -21.147030 -21.314129 -21.102378 -21.107748 -21.295658 
-21.242791 -21.236613 -21.013273 -20.944311 -21.082446 -21.269004 -21.308179 -21.031224 -21.320163 -21.274696 -21.235266 -20.992062 -21.251682 -21.053244 -21.153065 -21.395584 -21.342996 
-21.093955 -20.958497 -21.252913 -21.037672 -21.031224 -21.316822 -20.926204 -21.235816 -21.002840 -21.105144 -21.375724 
-21.212666 -21.181533 -21.102785 -21.037672 -21.031224 -21.230663 -20.990861 -21.120348 -20.898167 -20.940272 -21.179394 -21.185154 -21.184084 -21.135663 -21.020519 -21.234646 -21.164728 -21.273994 -21.106402 -21.201925 -21.168694 -21.238912 -21.086753 -21.044208 -21.189894 -21.170681 -21.015520 -21.230718 -21.096555 -20.875183 
-21.062860 -21.077110 -20.916251 -21.037672 -21.031224 -21.288684 -20.990861 -21.120348 -21.158571 -21.082807 -21.089040 -21.309722 -21.379868 -21.253028 -21.033004 -21.198963 -21.039154 -21.073738 
-20.949596 -21.003178 -21.283879 -21.037672 -21.031224 -21.163532 -21.073421 -21.043958 -21.336403 -21.214631 -20.927648 -21.210489 
-21.238413 -21.076643 -21.170405 -20.974885 -21.031224 -20.965239 -21.094343 -21.239118 -21.244918 -20.920901 -21.232568 -20.995385 -20.998615 -21.115713 -21.158950 -21.099229 -21.365110 -21.102883 -21.193242 -21.167564 -21.003667 -21.185377 -21.122977 -21.017889 
-21.228272 -20.971055 -21.079483 -20.974885 -21.000829 -21.305988 -21.216542 -21.231218 -21.263169 -21.324035 -21.130967 -21.316861 -21.139734 -21.261366 -20.950086 -21.052284 -21.057809 -21.014936 -21.161391 -21.098233 -21.150837 -21.192602 -21.190627 -20.899585 -21.392869 -21.178708 -20.933696 -21.189774 -21.186079 -21.283267 -21.365699 
-21.111235 -21.046778 -21.347211 -21.190445 -20.973102 -21.042967 -21.189164 -21.282677 -21.302186 -21.176970 -21.307899 -21.131721 -21.094059 -21.195506 -21.147562 -21.150879 -21.188756 -21.164952 -21.324523 -21.113053 -21.272813 -21.122763 -21.097114 
-21.313794 -21.131721 -21.082991 -21.287266 -20.914545 -21.063307 -21.305398 -21.204937 -21.249930 -21.364625 -21.031827 -20.867253 -21.132990 -21.314637 -21.233402 -21.347018 -20.890033 -21.311178 
-21.187957 -21.339935 -20.936618 -21.210327 -21.141016 -20.908657 -21.113333 -21.222465 -20.980045 -21.250859 -21.054341 -20.952812 -21.180792 -21.243834 -21.167822 -21.049058 -21.257269 -21.141303 -20.928352 -21.149619 -21.160017 
-21.257938 -21.149599 -20.936618 -21.175567 -21.171754 -21.260227 -21.113333 -20.992689 -21.307119 -21.266103 -21.054341 -20.997621 -20.954416 -21.266528 -21.160583 -21.289348 -20.901936 -21.296520 -20.968204 -21.108256 -21.248579 -20.920726 -21.219807 -20.914313 -21.304717 
-21.043334 -21.328172 -21.388028 -21.218322 -21.212901 -20.926411 -21.113333 -21.310299 -20.895264 -20.967582 -21.272616 -21.008985 -21.224832 -20.998673 -21.091034 -21.174755 -21.253831 
-21.168582 -21.328172 -20.942221 -21.360902 -20.925951 -21.106364 -21.125489 -21.058624 -21.188716 -21.370354 -21.187080 -21.080533 -21.191007 -21.358218 
-20.904848 -21.141598 -21.133386 -21.364326 -21.236528 -21.012298 -21.082850 -21.054343 -21.027204 -21.162386 -21.247643 -21.048851 -21.166699 -20.914795 -21.062019 -21.233277 -21.306194 -21.081920 
-20.875229 -21.174308 -21.080097 -21.136670 -21.363418 -20.949361 -21.379567 -21.092181 -21.318469 -20.998239 -21.216351 -21.270963 -21.064188 -21.215700 -20.984889 -21.305794 -21.007246 -21.121482 -21.030356 -21.189178 -20.932982 -21.097191 -20.958293 -20.946270 -21.031272 -21.222955 -21.193726 -20.987194 -21.253987 -20.898932 -21.136568 
-21.343656 -21.165181 -21.214465 -21.206058 -21.373784 -20.949361 -21.170496 -21.132551 -21.045543 -21.062101 -21.223811 -21.198331 -21.299435 -21.059099 -21.061850 -21.067302 -21.180603 -20.971745 -21.030356 -21.201246 -21.063522 -21.257490 -21.296381 -21.012785 -21.043726 -21.246989 -21.310731 -21.135199 -21.108343 -21.061022 -21.087970 -21.308672 -21.134730 -20.956493 
-21.233438 -21.232837 -20.938303 -20.978305 -21.154181 -21.352055 -21.171822 -21.007382 -21.002216 -20.978772 -21.158092 -21.126671 -21.037568 -21.078490 -21.143456 -21.249550 -21.375082 -21.249435 -21.040784 -21.183691 -21.198191 -21.133910 
-21.131632 -21.340223 -21.250173 -21.198018 -21.316958 -20.954314 -20.902151 -21.043934 -21.356645 -21.055511 -20.936873 -20.863047 -20.993133 -21.316513 -21.338903 -21.288321 -20.995341 
-20.937522 -20.941682 -21.217180 -21.158050 -21.139854 -21.064075 -21.055555 -21.231809 -21.125709 -21.306791 -21.151320 -21.231021 -21.345360 -21.169540 -21.208367 -21.202436 -21.169444 
