55.675987 55.448488 55.494372 55.366718 55.638734 55.774180 55.323400 55.556898 55.564793 55.730856 55.689266 55.611166 55.582798 55.680024 55.840049 55.507078 55.303109 55.319709 
55.639648 55.518599 55.637926 55.464504 55.638734 55.469694 55.355488 55.596616 55.476945 55.730856 55.599936 55.786992 55.220724 55.486911 55.493100 55.429544 55.835917 55.506106 55.580573 55.428221 55.413782 55.459406 55.621561 55.550660 55.744113 55.342238 55.579219 55.429442 55.292850 55.387292 55.650131 55.272068 
55.392355 55.275101 55.601519 55.793093 55.638734 55.605814 55.662659 55.324207 55.278177 55.318730 55.621195 55.801415 55.656787 55.469494 55.476387 55.464349 55.523900 55.587914 55.496931 55.501167 55.512272 55.317775 55.472658 55.489720 55.791132 
55.429180 55.771545 55.296786 55.725528 55.587855 55.605814 55.662659 55.713589 55.593050 55.356497 55.314961 55.422578 55.346249 55.561756 55.579642 55.483389 55.396148 55.289067 
55.414115 55.397086 55.769482 55.534315 55.722509 55.384608 55.554077 55.517437 55.576078 55.531565 55.742505 55.625348 55.517803 55.212428 55.384486 
55.439811 55.767406 55.602904 55.406736 55.415760 55.458932 55.631361 55.458130 55.779977 55.533967 55.319268 55.751922 
55.459969 55.438605 55.723363 55.540359 55.774315 55.533967 55.512879 55.835602 55.501148 55.574274 55.790497 55.768796 55.798024 55.764778 55.408678 55.594852 55.293151 55.599800 55.793778 55.585059 55.728597 55.828515 55.384426 
55.392775 55.529557 55.446143 55.540359 55.812039 55.533967 55.352970 55.304368 55.397396 55.620368 55.662749 55.504777 55.729641 55.350799 55.287403 55.556528 55.596562 55.344168 55.830427 55.463449 55.600872 55.347934 55.797965 
55.380908 55.717318 55.626462 55.372381 55.331743 55.834695 55.310838 55.620293 55.348546 55.748515 55.589757 55.588985 55.729641 55.637366 55.516523 55.758744 55.499725 55.575843 55.687199 55.700107 
55.742066 55.349934 55.224053 55.702684 55.450194 55.335164 55.641227 55.560539 55.572429 55.777880 55.684142 55.462959 55.492517 55.599333 55.546815 55.333443 55.384100 55.670652 55.605547 55.764230 55.588351 55.767364 55.336346 55.336953 55.541946 55.562062 55.539668 55.206025 55.521140 55.301613 55.523099 55.710888 
55.710920 55.340252 55.656295 55.546724 55.540007 55.422816 55.641227 55.653257 55.598370 55.703834 55.601629 55.618391 55.712128 55.596724 55.456237 55.658862 55.821656 55.582049 55.718655 55.427410 55.518650 55.252524 55.670760 55.642181 55.512350 55.491017 55.392946 
55.364655 55.731600 55.274481 55.592197 55.293025 55.420879 55.793011 55.652495 55.280762 55.493513 55.626333 55.487457 55.689276 55.348636 55.506044 55.435171 55.673027 55.616257 55.228634 55.492882 55.295631 55.795557 55.636922 55.500414 55.327911 55.469338 55.311714 
55.342027 55.488304 55.520931 55.435974 55.405603 55.544396 55.627191 55.468678 55.782396 55.370542 55.302641 55.294841 55.700237 55.342035 55.654739 55.459152 55.299203 55.803619 
55.588072 55.631461 55.594072 55.508656 55.416844 55.459146 55.514767 55.744170 55.417914 55.740746 55.800954 55.426559 55.332442 55.665957 55.475937 55.763221 55.402604 55.370882 55.584475 55.341936 55.275243 55.377291 55.775029 55.733547 55.632147 
55.658299 55.336555 55.357705 55.391587 55.336186 55.342654 55.747927 55.675712 55.319559 55.513315 55.430299 55.353762 55.686298 55.591605 55.512655 55.477613 55.715137 55.344763 
55.455087 55.463597 55.368664 55.600795 55.479183 55.593419 55.524514 55.781091 55.325505 55.388669 55.667884 55.472468 55.615079 55.710166 55.317098 55.819282 55.476367 55.672331 55.413100 55.504048 55.307046 55.293936 55.321434 55.683644 55.845008 55.671989 55.587119 55.648818 55.831626 55.338970 55.613648 55.302955 55.440622 55.554059 55.489992 55.217699 55.462199 55.286592 55.329597 55.316094 
55.384709 55.233407 55.593350 55.688529 55.499141 55.650417 55.391108 55.631784 55.462319 55.594193 55.640088 55.601250 55.468161 55.538587 55.370563 55.314507 55.403946 55.672331 55.565612 55.679653 55.685942 55.383338 55.565611 55.677266 55.491163 55.747167 55.411452 55.580744 55.766809 55.368687 55.494144 55.479387 55.544261 55.590472 55.294354 55.556662 55.718503 55.378673 55.324562 55.624610 55.602389 55.243863 55.423085 55.774990 
55.484324 55.653608 55.534163 55.244747 55.555537 55.687727 55.599715 55.353939 55.311058 55.675546 55.302327 55.351411 55.623626 55.319813 55.626782 55.610127 55.658050 55.672331 55.408616 55.772852 55.397972 55.764795 55.687628 55.388431 55.691623 55.436204 55.491470 55.600386 55.615400 55.568394 55.294267 55.522660 
55.538453 55.653608 55.412601 55.535037 55.286488 55.687727 55.455290 55.589365 55.682450 55.759149 55.243562 55.337356 55.695591 55.616808 55.459751 55.731361 55.658050 55.672331 55.374830 55.786526 
55.612373 55.653608 55.412601 55.384418 55.807763 55.657600 55.464125 55.589365 55.689352 55.518512 55.343721 55.534870 55.601216 55.360046 55.563256 55.691893 55.724363 55.639580 55.406178 55.211070 55.655779 55.409602 55.640655 55.802271 55.807496 55.233044 55.744732 55.682615 
55.748415 55.471469 55.303155 55.449354 55.643963 55.657600 55.289846 55.463203 55.682615 55.466912 55.591028 55.645216 55.681116 55.788170 55.344286 55.637837 55.230456 55.539325 55.631163 55.422645 55.644120 55.474257 55.504706 55.604832 55.512700 55.669496 55.578981 55.418875 55.384961 
55.521947 55.489071 55.642970 55.742382 55.592858 55.415348 55.727825 55.502747 55.735870 55.521023 55.286699 55.753774 55.477972 55.425188 55.375698 55.741430 55.532216 
55.739570 55.671172 55.742348 55.696245 55.585926 55.301921 55.531686 55.258173 55.775259 55.513659 55.386610 55.450304 55.280054 55.410296 55.644439 
55.684867 55.738174 55.399211 55.589137 55.538828 55.593952 55.758200 55.754306 55.569841 55.802212 55.439033 55.783559 55.782616 55.412856 55.485360 
55.671637 55.326449 55.722870 55.589137 55.378978 55.683901 55.734904 
55.678844 55.369431 55.700873 55.590249 55.765085 55.683901 55.543925 55.534808 55.652792 55.537045 55.384531 55.820868 55.545430 55.539210 55.585746 55.336404 55.770737 55.430125 55.409758 55.785422 55.602619 55.546037 55.526994 55.556137 
55.597430 55.260240 55.673324 55.545528 55.714042 55.683901 55.395953 55.542432 55.565908 55.585284 55.441129 55.438811 55.393218 55.471906 55.421842 55.616256 55.498551 55.659702 55.438786 55.625080 55.807783 55.777190 55.572442 55.777778 55.317473 55.269143 
55.675903 55.741989 55.591455 55.354969 55.709804 55.748698 55.772115 55.404977 
55.409322 55.651397 55.397968 55.742229 55.725139 55.405847 55.821348 55.733334 55.595202 55.264531 55.792327 55.541486 55.320554 55.279069 55.457941 55.372989 
55.765836 55.343207 55.439113 55.595498 55.556528 55.759172 55.380586 55.473149 55.336373 55.669573 55.600403 55.693255 55.309555 55.820949 55.351155 55.767029 55.522742 55.777566 55.720475 
55.638720 55.723657 55.697760 55.647826 55.615999 55.486694 55.679011 55.515491 55.743908 55.669573 55.629657 55.791873 55.294192 
55.284313 55.744079 55.593266 55.779697 55.615999 55.457640 55.459335 55.692994 55.643576 55.466121 55.533522 55.502641 55.228441 55.783028 55.414507 55.723457 55.829612 55.770662 55.327267 55.720430 55.765291 55.438245 55.464504 
55.669370 55.683860 55.656477 55.669379 55.615999 55.810327 55.576843 55.715565 55.317751 55.565065 55.343180 55.667618 55.728785 55.760605 55.569013 55.432086 55.510133 55.332990 55.411239 55.598040 55.692870 55.579695 
55.705978 55.558670 55.468627 55.261181 55.643654 55.667748 55.531620 55.619521 55.347641 55.683798 55.605714 55.540882 55.417701 55.377746 55.753921 55.418962 
55.602054 55.755812 55.605714 55.488265 55.265561 55.826868 55.304654 55.718036 55.828318 55.700955 55.759852 55.588739 55.708431 55.525850 55.572127 55.385656 55.555764 55.576549 55.781081 55.243003 55.555143 
55.602054 55.672452 55.380986 55.609727 55.289059 55.733283 55.789938 55.718204 55.810624 55.797881 55.463679 55.798136 55.368277 55.787591 
55.608266 55.672452 55.439994 55.706663 55.523751 55.438881 55.762368 55.745209 55.768416 55.707491 55.812372 55.606976 55.589259 55.574713 55.600407 55.716893 55.547305 55.330306 55.466126 55.377564 55.551192 55.547611 55.696545 55.800807 55.626677 55.503880 55.337981 55.713994 55.788750 55.793862 55.358505 
55.613647 55.672452 55.598318 55.706663 55.606583 55.571248 55.330372 55.801223 55.410465 55.529326 55.663554 55.494252 55.754197 55.611804 55.462677 55.595333 55.556369 55.585868 55.706474 55.432995 55.480275 55.403953 55.339493 55.716338 55.597389 55.526515 55.247920 55.503441 55.783294 55.590740 55.518706 55.593946 55.335707 55.316929 55.580605 55.358127 55.354784 55.669832 55.374041 55.480295 55.483056 55.311929 55.770707 55.687649 55.522073 55.760700 
55.744220 55.424587 55.793511 55.338488 55.744287 55.503441 55.620354 55.808105 55.640043 55.215291 55.247627 55.721303 55.681123 55.564092 55.650027 55.275900 55.680763 55.652494 55.600592 55.426403 55.549150 55.359823 55.329428 55.781483 
55.301683 55.800232 55.513476 55.481235 55.491891 55.719769 55.463881 55.624409 55.564092 55.793297 55.289378 55.540384 55.618564 55.609086 55.671716 55.413372 55.678846 55.396495 55.211715 55.446065 55.559762 55.557800 55.720497 55.551541 55.545931 55.526807 55.613019 55.414874 
55.735067 55.618502 55.669669 55.293840 55.613019 55.729780 55.658694 55.593892 55.551444 55.443071 55.547741 55.559765 55.562933 55.788668 
55.720405 55.660720 55.525727 55.574015 55.590881 55.399293 55.724182 55.290406 55.281838 55.820691 55.733351 55.569556 55.394482 55.545383 55.784444 55.737692 55.642228 55.467034 55.398886 55.492895 55.769895 55.607671 55.316862 55.727196 55.227730 55.315717 55.394992 55.487294 55.723178 55.634515 55.684075 55.707892 
55.714639 55.660720 55.574292 55.640872 55.253065 55.718407 55.491695 55.585686 55.495794 55.668938 55.555690 55.569556 55.615622 55.302094 55.490790 55.699618 55.537442 55.510294 55.336577 55.669309 55.554582 55.492215 55.716288 55.668969 55.562048 55.268435 55.641515 55.665939 55.659537 55.416858 55.318681 55.547950 55.257533 55.800496 55.816438 55.665981 55.644710 55.546558 55.759917 55.776582 55.391949 55.615176 55.482536 55.718631 55.413096 55.373828 55.432214 55.576446 55.528317 55.648166 
55.205503 55.722530 55.597967 55.640872 55.517600 55.812426 55.804144 55.334066 55.524579 55.574837 55.551160 55.422959 55.679163 55.504969 55.435559 55.747295 55.584758 55.556825 
55.523166 55.793016 55.597967 55.371453 55.677716 55.258729 55.449076 55.681806 55.568682 55.509958 55.334919 55.621174 55.475163 55.770554 55.818601 55.491629 55.494289 55.657146 55.271384 55.519539 55.545097 55.720861 55.542669 55.770619 55.679629 55.328581 55.635558 
55.522784 55.697798 55.461393 55.617687 55.677716 55.300983 55.274914 55.689802 55.615757 55.480057 55.637408 55.426369 55.720244 55.519458 55.575957 55.236709 55.243417 55.657146 55.518040 55.363877 55.433399 55.516837 55.560271 55.329921 55.259944 55.668862 55.436562 55.367214 55.420001 55.444387 55.773069 55.561874 55.805701 55.733898 
55.444218 55.434877 55.616547 55.485160 55.677716 55.658674 55.502858 55.559692 55.373875 55.398166 55.657146 55.438978 55.388965 55.493299 55.501072 55.338131 55.303624 55.539110 55.583603 55.642618 55.803677 55.492123 55.664701 55.511997 55.540891 55.495455 55.276296 55.837767 55.385255 55.311121 55.744373 55.437057 
55.653537 55.516495 55.744520 55.637112 55.677716 55.585081 55.540951 55.657146 55.341145 55.815986 55.477489 55.839118 
55.460188 55.530005 55.288491 55.609494 55.677716 55.585081 55.584650 55.657146 55.455923 55.358749 55.553005 55.330679 55.399268 55.511233 55.549349 55.433755 55.633381 55.757000 
55.593074 55.226123 55.388285 55.423343 55.677716 55.570210 55.516532 55.657146 55.832330 55.576312 55.340281 55.835710 55.567695 55.651196 55.607348 55.529600 55.605061 55.430731 55.779288 55.517845 55.492288 55.256163 
55.557351 55.575641 55.393347 55.323025 55.677716 55.557932 55.534428 55.657146 55.737979 55.484326 55.399031 55.709016 55.574815 55.276011 55.600496 55.636896 55.422303 55.394287 55.418337 55.536869 55.316487 55.678763 55.777477 55.457630 55.313928 55.816980 55.600579 55.739230 55.491586 
55.812249 55.405554 55.614138 55.485778 55.677716 55.587721 55.576816 55.657146 55.569803 55.531106 55.300339 55.475642 55.366284 55.491571 55.670725 55.802455 55.488060 55.427154 55.757117 
55.450851 55.338614 55.838765 55.459538 55.677716 55.492825 55.576816 55.657146 55.767376 55.589892 55.371542 55.513196 55.452427 55.452389 55.679234 55.657947 55.388959 55.480410 55.576415 55.709398 55.603644 55.574633 55.419961 55.707079 55.802299 55.373121 55.399381 55.591093 55.333557 
55.413035 55.563056 55.657146 55.468812 55.677716 55.445253 55.782110 55.700143 55.511872 55.394960 55.805931 55.661599 55.487889 55.501683 55.439472 55.427972 55.458215 55.795973 55.667474 55.759185 
55.492522 55.528945 55.657146 55.468812 55.677716 55.486518 55.749864 55.649606 55.444689 55.372454 55.349808 55.535359 55.602437 55.337491 55.350348 55.597717 55.621119 55.569513 55.641746 55.295115 55.538595 55.419149 55.250789 55.314244 
55.569052 55.598083 55.511932 55.466092 55.686577 55.505622 55.714132 55.618505 55.630412 55.536365 55.713089 55.349100 55.290514 55.546749 55.448630 55.533626 55.668384 55.435055 55.454166 
55.591308 55.701728 55.760256 55.456021 55.547451 55.564072 55.598304 55.618505 55.563518 55.721365 55.426228 55.398394 55.616406 55.511549 55.540692 55.451086 55.645633 55.699974 55.400727 55.326373 55.481326 55.792409 
55.668646 55.701728 55.429734 55.547601 55.713541 55.404846 55.428501 55.618505 55.561586 55.579625 55.671151 55.668422 55.812393 55.616376 55.540137 55.559222 55.509772 55.764291 55.485208 55.692826 55.843387 55.755842 55.463422 55.709704 55.645232 55.405945 55.532524 55.728888 55.654012 55.689112 
55.543351 55.211545 55.736646 55.645891 55.685100 55.542878 55.455509 55.618505 55.698639 55.651573 55.621285 55.517030 55.217208 55.633013 55.654919 55.477861 55.350672 55.331249 
55.633013 55.583695 55.517221 55.493250 55.661754 55.713826 55.781320 55.480664 55.312398 55.622126 55.337033 55.234594 55.432153 55.470331 55.667038 55.757061 55.643668 55.499129 55.298314 55.353655 55.415935 55.368677 55.562221 55.289374 55.277626 55.679155 55.743466 55.716211 
55.261794 55.402706 55.762588 55.610092 55.202912 55.545517 55.562221 55.539592 55.350546 55.824407 55.493016 55.587520 55.825515 
55.759066 55.593911 55.311302 55.291298 55.245320 55.760938 55.676464 55.601910 55.596225 55.561346 55.370934 55.294773 55.303550 55.204758 55.518341 
55.382913 55.573896 55.669784 55.472194 55.647541 55.414776 55.447762 55.601910 55.532947 55.716795 55.422599 55.678517 55.599179 55.500357 55.599488 55.531766 55.776700 55.450745 55.382202 55.588674 55.389832 55.738708 55.670391 55.827704 
55.446078 55.702784 55.526232 55.692331 55.296410 55.461981 55.343123 55.608294 55.444209 55.618028 55.785323 55.385385 
55.400561 55.848268 55.735235 55.692331 55.525411 55.425973 55.694457 55.748646 55.335967 55.649838 55.423061 55.491523 55.628892 55.656715 55.800507 55.520171 55.271637 55.476255 55.585566 55.691952 55.421953 55.801122 55.340793 55.642134 55.479937 55.629446 55.569087 55.580976 55.566058 55.779522 55.414330 55.789564 55.782981 55.743733 55.475658 55.388674 55.297731 55.399218 55.588279 55.386991 55.514499 55.458171 55.346561 55.387101 
55.386991 55.447701 55.429737 55.711415 55.660519 55.656715 55.696644 55.586781 55.568579 55.394997 55.506118 55.481130 55.607683 55.705504 55.555095 55.453485 55.399044 55.321914 55.279084 
55.386991 55.582568 55.371520 55.646194 55.595078 55.409968 55.696644 55.728383 55.750198 55.650108 55.506118 55.697968 55.403009 55.696481 55.778971 55.491529 55.699539 55.778098 55.676021 55.312185 55.505715 55.639633 55.487125 55.663501 55.640215 55.427095 55.383722 55.532735 55.701890 
55.481994 55.268336 55.589009 55.762660 55.380055 55.627132 55.696644 55.487596 55.705938 55.517373 55.291053 55.595987 55.569467 55.783889 55.387660 55.585960 55.257870 55.780032 
55.479773 55.538100 55.770737 55.309867 55.735957 55.531449 55.432229 55.516692 55.317321 55.781015 55.663699 55.665278 55.728431 55.422727 55.439053 55.593235 55.788317 55.398557 55.626397 55.718119 55.759554 55.461510 55.433001 
55.533862 55.616900 55.421588 55.264448 55.678763 55.475024 55.360566 55.335509 55.650261 55.774821 55.663699 55.606019 55.426809 55.403131 55.311336 55.752307 55.500732 55.278287 55.698681 55.798296 55.307116 55.429101 55.598408 55.721311 55.605173 55.466362 55.522132 55.442987 55.423835 55.702249 55.440268 55.645779 55.433322 55.364124 55.348910 55.346707 55.465314 55.566601 55.354833 55.732306 55.625190 
55.680162 55.547051 55.365281 55.698681 55.825413 55.709888 55.404672 55.755636 55.579846 55.767794 55.519796 55.454268 55.457152 55.394891 55.704003 55.479730 55.776808 55.412776 55.437106 55.436808 
55.719208 55.403704 55.787027 55.508032 55.490346 55.587705 55.775999 55.464071 55.523111 55.727348 55.563769 55.537253 55.406034 55.531111 
55.719208 55.609586 55.562803 55.621271 55.570819 55.326065 55.764179 55.492850 55.669491 55.662554 55.425753 55.420889 55.509524 55.686892 55.257292 55.401585 55.645323 55.586200 55.296226 
55.360811 55.609586 55.411871 55.805321 55.570819 55.749610 55.585437 55.762468 
55.572690 55.439331 55.444513 55.462202 55.566170 55.629477 55.534979 55.422471 55.619293 55.405420 55.465080 55.276637 55.584057 55.737891 55.542708 55.507358 55.707811 55.571781 55.590252 55.773863 55.578098 55.557304 
55.576902 55.607800 55.517133 55.727290 55.433992 55.375657 55.780394 55.795043 
55.348849 55.468498 55.793347 55.750395 55.704168 55.586754 55.394445 55.586303 55.514104 55.424511 55.424163 55.300832 55.588185 55.503457 55.771295 
55.742904 55.479610 55.552838 55.580111 55.603765 55.361795 55.341388 55.657537 55.349147 55.758423 55.418096 55.791443 55.730104 55.767007 55.573452 55.684555 55.524986 55.752244 55.629359 55.610092 55.567045 55.643474 55.473488 55.804392 55.497332 55.623656 55.834994 55.429898 55.462601 55.743271 55.677842 55.564489 
55.567045 55.473502 55.597806 55.612003 55.335864 55.451518 55.703301 55.290966 55.428380 55.275073 55.738780 55.574793 55.356944 55.810662 55.637595 55.555654 55.659396 
55.395781 55.236402 55.576952 55.612003 55.738780 55.592790 55.532647 55.770937 55.537563 55.543816 55.791053 55.420236 55.370504 55.729647 
55.771856 55.584236 55.678997 55.367009 55.819589 55.606535 55.245989 55.805860 55.482414 55.303384 55.381795 55.199613 55.444890 55.798413 55.530659 55.582252 55.525086 55.428066 
55.740877 55.518371 55.430973 55.588819 55.818784 55.773998 
55.527391 55.296531 55.440543 55.671233 55.247530 55.402457 55.776374 55.736836 55.327168 55.566628 55.376754 55.403621 
55.610912 55.613876 55.498684 55.671233 55.720213 55.530073 55.580999 55.595563 55.283382 55.455284 
55.613764 55.613876 55.465752 55.695292 55.696584 55.644348 55.554551 55.295266 55.348981 55.806129 55.638113 55.583132 55.801482 55.423103 55.647580 55.580850 55.442598 55.256881 55.809899 55.609819 
55.505784 55.533399 55.642937 55.320521 55.281079 55.679747 55.410141 55.502701 55.515799 55.372973 55.594384 55.577121 55.720563 55.634390 55.306918 55.348534 55.618155 55.450150 55.426737 55.441439 55.510218 55.559261 55.707094 55.307628 55.402359 55.304675 
55.440558 55.342584 55.614513 55.635475 55.437649 55.824500 55.562833 55.366623 55.697491 55.507132 55.598058 55.705282 55.750007 55.546897 55.648734 55.759544 55.766083 55.552675 55.652064 55.486015 55.683521 
55.306215 55.460202 55.478231 55.397336 55.549384 55.732963 55.631676 55.617005 55.546376 55.456055 55.203997 55.705282 55.665620 55.340761 55.467360 55.269808 55.772672 55.253894 55.511040 55.253599 55.421667 55.588876 55.450896 55.553186 55.606855 
55.789287 55.448651 55.462902 55.638389 55.549384 55.715470 55.298220 55.617005 55.617072 55.717541 55.524165 55.705282 55.582587 55.367850 55.465090 55.386216 55.674502 55.495609 55.601208 55.693188 55.491278 55.282147 55.652048 55.614088 55.608611 55.765125 55.452641 55.715667 
55.569819 55.815885 55.718856 55.666395 
55.670512 55.346603 55.765996 55.316467 55.512463 55.726824 55.645863 55.796138 55.454176 55.480621 55.601758 55.460687 55.459139 55.502051 55.565590 55.603940 55.515326 55.660876 55.476331 55.715773 
55.631061 55.532332 55.639092 55.744553 55.685894 55.507840 55.560362 55.758790 55.736865 55.549762 55.457920 
55.422147 55.629428 55.559491 55.707811 55.822090 55.488701 55.374652 55.706287 55.651853 55.526818 55.605197 55.442847 55.422219 55.605729 55.603442 55.796973 
55.475931 55.821315 55.553990 55.778247 55.656096 55.652313 55.606814 55.629795 55.676432 55.412186 55.556434 55.305835 55.554248 
55.547655 55.676432 55.639608 55.652521 55.303240 55.708467 55.470673 55.540348 
55.609746 55.702186 55.568783 55.822277 55.787960 55.587578 55.767611 55.361078 
55.752164 55.603522 55.688136 55.394343 55.710085 55.485654 55.232863 55.609813 55.415813 55.387112 55.266375 55.610099 55.659079 55.249551 55.560047 55.590278 
55.782001 55.544877 55.521941 55.316821 55.588322 55.677716 55.715686 55.280173 55.827352 55.470925 55.485256 55.620820 55.413493 55.303017 55.617884 55.455033 55.459663 55.551295 55.416743 55.493246 55.430306 
55.477503 55.553227 55.645686 55.633451 55.360882 55.611570 55.485858 55.716561 55.572046 55.403078 55.434686 55.637685 55.495099 55.481100 55.297813 55.730999 55.459663 55.591984 55.671536 55.554746 55.353461 55.523631 55.358908 55.484310 55.361489 55.410755 55.812843 55.345625 55.478211 55.290965 55.435799 55.426852 55.812891 55.537795 55.641325 55.280115 55.603631 
55.402607 55.466026 55.645686 55.536837 55.523285 55.705868 55.382291 55.478782 55.431440 55.752350 55.432628 55.404567 55.336934 55.489039 55.619722 55.621130 55.459663 55.208082 55.483377 55.626353 55.726424 55.250802 55.461798 55.654370 55.382490 55.486638 55.436280 55.563652 55.498791 55.255236 55.381141 55.397583 55.479580 55.461918 
55.504710 55.422085 55.506805 55.421915 55.553226 55.566709 55.775981 55.656897 55.379168 55.671311 55.453054 55.549339 55.539590 55.621180 55.427264 55.475660 55.220279 55.737958 55.319108 55.630712 55.764760 55.615993 
55.752422 55.539006 55.713740 55.695708 55.205678 55.758599 55.815737 55.663548 55.640708 55.502842 55.281033 55.776198 55.409996 55.439676 55.807138 55.775041 55.233067 55.588875 55.513644 55.345456 55.456657 55.264265 55.747411 55.477431 55.635621 55.585689 55.693413 55.301610 55.621779 55.724371 55.420589 55.432607 55.454049 55.311011 55.496977 55.450963 
55.571458 55.360744 55.251308 55.331304 55.275952 55.279947 55.589012 55.498592 55.337946 55.701610 55.608591 55.572425 55.736658 55.491743 55.286938 55.660772 55.481226 55.535304 55.551016 55.407571 55.555968 55.721032 55.752818 
55.675302 55.544782 55.575853 55.409223 55.365274 55.666045 55.620313 55.695650 55.616938 55.701610 55.436620 55.546672 55.324658 55.511031 55.641323 55.456215 55.665656 55.706429 55.693954 55.766424 
55.849271 55.641323 55.484121 55.610569 55.664812 55.446280 55.571380 55.612226 55.603117 55.502605 55.744291 55.581030 55.545128 55.511202 55.342584 55.377740 55.369992 55.475682 
55.396495 55.641323 55.255914 55.454742 55.358120 55.709862 55.356138 55.528781 55.603117 55.424782 55.544462 55.262581 55.660457 55.811715 55.764673 55.776524 55.662282 55.642134 55.593528 55.622261 55.710690 55.638959 55.287063 55.790071 55.438419 55.758328 55.286045 55.353017 55.196231 55.267617 
55.636159 55.720186 55.606608 55.550443 55.685044 55.617946 55.482083 55.429865 55.635952 55.811135 55.530345 55.814204 55.456054 55.532284 55.623747 55.552009 55.505104 55.551315 55.523897 55.782614 55.501280 55.520708 55.762820 55.432045 55.597816 55.665762 55.434749 55.756356 55.526744 
55.540086 55.659483 55.606608 55.347185 55.836563 55.286559 55.505334 55.748380 55.602037 55.780304 55.662160 55.372058 55.434540 55.644978 55.757632 55.479416 55.454127 55.596328 55.466367 55.670036 55.553614 55.715271 55.264310 55.342714 55.434173 55.816149 55.614381 55.345296 55.453966 55.593280 55.276238 55.788907 55.638445 55.595763 55.498596 55.731924 55.714373 55.661237 55.432862 55.365932 
55.503688 55.480752 55.606608 55.641582 55.506986 55.478499 55.464414 55.580750 55.610297 55.295195 55.248107 55.553475 55.461379 55.644978 55.695774 55.284046 55.565988 55.442416 55.488073 55.604103 55.423712 55.442441 55.732338 55.277024 55.432535 55.570778 55.501533 55.491981 
55.257322 55.711816 55.606608 55.363316 55.470437 55.466112 55.804737 55.425057 55.316257 55.592522 55.547389 55.324339 55.711908 55.366043 55.490897 55.372646 55.836372 55.743241 55.513513 55.403534 55.490505 55.485558 55.641285 55.268088 55.474705 55.219565 55.644869 55.756446 55.575667 55.688857 55.713643 55.708715 
55.668986 55.330613 55.801607 55.623470 55.794367 55.420394 55.701166 55.488563 55.629733 55.762506 55.790769 55.787509 55.569732 55.619240 55.568195 55.710714 55.804148 
55.499526 55.607969 55.620199 55.446431 55.586214 55.690472 55.712461 55.576395 55.643413 55.648228 55.588957 55.392738 55.769159 55.553948 
55.284196 55.578185 55.349003 55.420103 55.614576 55.690472 55.585440 55.521767 55.354087 55.717777 
55.737286 55.226057 55.644516 55.383649 55.600537 55.690472 55.585440 55.501404 55.326078 55.626770 55.478859 55.600788 55.398958 55.595452 55.579940 55.672072 55.420239 
55.350892 55.577710 55.380380 55.287360 55.657431 55.578009 55.645362 55.484591 55.486600 55.533388 55.380179 55.827226 55.281971 55.669213 
55.350140 55.532999 55.751098 55.666061 55.618768 55.692917 55.512191 55.710707 55.528682 55.494542 55.750762 55.589262 55.553306 55.655232 55.545222 55.674233 55.564624 55.573662 55.793892 
55.334030 55.426909 55.709909 55.562796 55.618768 55.464562 55.304066 55.674835 55.644749 55.710967 55.610743 55.350013 55.432201 55.752808 55.596997 55.710119 55.461058 55.583997 55.628076 55.678585 55.463422 55.646498 55.383934 55.663327 55.449383 55.491819 55.380593 55.722884 55.761649 55.713260 55.400133 55.511671 55.494851 55.486450 55.717077 55.455458 55.577537 55.809967 55.541068 55.779091 55.504834 55.502249 55.277534 55.447554 55.530373 55.752699 55.457690 
55.381455 55.647806 55.709909 55.536474 55.729682 55.260209 55.651701 55.401206 55.670439 55.720085 55.559903 55.502980 55.244973 55.628059 55.660656 55.405917 55.238642 55.419627 55.449645 55.240473 55.464016 55.729982 
55.360358 55.661349 55.709909 55.483002 55.233297 55.706910 55.240935 55.656430 55.670439 55.397801 55.685599 55.782286 55.600595 55.673973 55.567123 55.626214 55.364316 
55.472413 55.478601 55.728509 55.569607 55.330113 55.718348 55.666805 55.656430 55.627829 55.484624 55.710101 55.477029 55.578495 55.432339 
55.549072 55.685908 55.462667 55.298734 55.637371 55.799698 55.643949 55.642447 55.588510 55.526796 55.779363 
55.596494 55.685908 55.483621 55.834268 55.463246 55.570980 55.504972 55.454629 55.362475 55.516038 55.729399 55.778217 55.372061 55.561915 55.598513 55.702026 
55.542949 55.334579 55.311224 55.765365 55.374427 55.288742 55.239076 55.457688 
55.779918 55.363077 55.796133 55.602419 55.678758 
55.718735 55.452875 55.797377 55.740375 55.465866 
55.718735 55.553191 55.452625 55.212939 55.496176 55.441631 55.523193 55.328924 55.293157 55.679348 55.490727 55.521981 55.341323 55.597396 55.525173 55.385687 55.563811 55.369061 55.604777 55.442376 55.456261 55.555844 55.513293 
55.413700 55.738674 55.597396 55.559076 55.478984 55.724808 55.644043 55.497126 55.426839 55.679348 55.707624 55.601902 55.225574 55.765175 55.404898 55.351950 55.715659 55.635732 55.704999 55.754261 55.407801 55.429615 
55.444834 55.462233 55.597396 55.569199 55.330200 55.736825 55.466852 55.477545 55.292737 55.679348 55.603686 55.802073 55.394730 55.347250 55.679167 55.289082 55.401871 55.646445 
55.427789 55.571870 55.597396 55.532845 55.798942 55.479024 55.601844 55.394357 55.451959 55.503490 55.651132 55.394880 55.504133 55.704904 55.587790 55.490550 55.749238 55.596880 55.643892 55.707967 55.686086 55.510858 55.387816 55.568575 55.438381 55.316059 55.590624 55.741899 55.376763 55.556068 55.824538 55.624498 
55.426731 55.771264 55.677894 55.493245 55.539142 55.584961 55.618756 55.751912 55.743433 55.451839 55.547646 55.483751 55.599719 55.405386 55.196554 55.708672 55.804247 55.318649 55.293380 55.543036 55.797269 55.378989 55.535131 55.547171 55.271529 55.740211 55.482281 55.358924 55.637376 55.425869 55.677268 55.770398 55.734743 55.761825 55.377904 
55.557303 55.577352 55.646997 55.627918 55.537699 55.718788 55.683586 55.277716 55.475347 55.482920 55.478639 55.646180 
55.277450 55.609442 55.488563 55.627918 55.472599 55.720008 55.373256 55.828718 55.507701 55.767495 55.547217 55.482878 55.767061 55.833107 55.780812 55.470052 55.335935 55.784566 
55.474771 55.609442 55.481495 55.627918 55.536078 55.720008 55.568847 55.596571 55.809717 55.841590 55.332112 55.515493 55.362107 55.767504 55.265707 55.637653 55.309055 55.516189 55.448834 55.537945 55.483641 55.429779 
55.826974 55.746542 55.537298 55.627918 55.268673 55.720008 55.384839 55.664428 55.528978 55.539179 55.392455 55.417964 55.808568 55.813169 
55.671723 55.546543 55.675744 55.365583 55.548816 55.743992 55.566324 55.664428 55.382662 55.390104 55.321964 55.761512 55.560125 55.574478 55.258238 55.676429 55.435859 55.471163 55.479826 55.637123 55.638483 55.367210 
55.541464 55.589744 55.692761 55.637123 55.486183 55.624097 55.297445 55.471237 55.430057 55.763461 55.407734 55.352002 55.508590 55.669532 55.377515 55.729283 55.501211 55.649162 55.768129 
55.682001 55.589744 55.692761 55.516793 55.329744 55.410741 55.369805 55.802161 55.524220 55.556324 55.528786 55.399248 55.294735 55.625123 55.590425 55.762221 55.435459 55.296039 55.490494 55.632179 55.564250 55.700043 55.751481 55.534644 55.596950 55.517790 55.328429 55.545420 55.555675 55.363072 55.456692 55.455334 55.485546 
55.703809 55.563582 55.291330 55.534101 55.639507 55.391904 55.354248 55.751481 55.272164 55.515957 55.593447 55.524878 
55.572687 55.794163 55.462848 55.663691 55.639507 55.734179 55.518915 55.393931 55.548703 55.649791 55.565476 55.346709 55.494247 55.384884 55.727124 55.756576 55.312260 
55.564761 55.573322 55.673973 55.680295 55.639507 55.694744 55.466301 55.615329 55.568926 55.762342 55.577688 55.791488 55.479736 55.685689 
55.564761 55.448076 55.673973 55.680295 55.639507 55.683125 55.304772 55.575493 55.505490 55.567788 55.402195 55.522338 55.238598 55.633638 55.762900 55.744381 55.323373 55.557629 55.656716 55.559750 
55.756730 55.535995 55.668221 55.480855 55.639507 55.802641 55.709812 55.449081 55.404770 55.480365 55.555445 55.435931 55.760560 55.539269 55.209628 55.654784 55.800049 55.436068 55.454818 55.757588 55.548958 
55.735006 55.681066 55.805286 55.536135 55.663032 55.654784 55.546433 55.325069 55.526761 55.498077 55.444685 55.776109 55.328045 55.790380 55.697367 55.665099 55.469450 55.577920 55.727655 55.395287 55.558664 55.356459 55.614104 
55.703566 55.681066 55.628727 55.626086 55.577258 55.697367 55.470101 55.796237 55.513576 55.296364 55.467397 55.398742 55.337794 55.302626 55.490443 55.622660 55.401641 55.731295 55.614280 55.561114 55.289438 55.239167 55.714214 55.706260 
55.806160 55.594331 55.514869 55.742453 55.462367 55.403488 55.764049 55.464137 55.416844 55.413864 55.636069 55.402245 55.529437 55.652055 55.387996 55.381311 55.439839 55.750641 55.452410 55.403167 55.512703 55.835672 55.764381 55.308716 55.430085 55.329497 55.418441 55.365248 55.349264 55.445439 55.388351 55.424851 
55.625722 55.501492 55.636076 55.535820 55.637061 55.665017 55.602977 55.474431 55.797008 55.537444 55.495256 55.466358 55.577183 55.586810 55.438800 55.628333 55.672304 55.545593 55.319296 55.550123 55.602369 55.570075 55.550645 55.302113 55.274487 55.473098 55.309024 55.591540 55.439243 
55.586158 55.769006 55.659143 55.567385 55.230850 55.831116 55.595374 55.445074 55.534206 55.677280 55.459010 55.738640 55.334357 55.368718 55.732839 55.712397 55.672304 55.648560 55.289611 55.565544 55.576068 55.387757 55.665566 55.654980 55.729699 55.840116 55.302188 55.357354 
55.469019 55.419992 55.659879 55.270444 55.617784 55.336577 55.708964 55.621370 55.546439 55.676190 55.596279 55.548757 55.715594 55.431805 
55.772986 55.427457 55.452060 55.629903 55.646862 55.286312 55.481835 55.702450 55.468240 
55.412567 55.304986 55.458008 55.702450 55.484748 55.719168 55.544579 55.396405 55.567572 55.588864 55.492484 55.508771 55.583450 55.269727 55.842880 55.710243 55.223955 
55.474283 55.656569 55.564421 55.702450 55.682330 55.588052 55.582460 55.417652 55.723346 55.348997 55.537553 55.494239 55.341315 55.619382 55.577627 55.813467 
55.607317 55.671302 55.451196 55.702450 55.768519 55.588052 55.410614 55.297842 55.436459 55.242335 55.665159 55.822234 55.620019 55.364178 55.414704 55.660650 55.491569 55.253110 55.313089 55.700672 55.701448 55.388720 55.429110 
55.744369 55.369245 55.819958 55.617169 55.546955 55.403504 55.491569 55.822401 55.674698 55.499476 55.803428 55.643127 55.580300 55.336971 55.305135 55.665671 55.609672 55.570854 55.534298 55.792227 55.726840 55.409249 
55.528297 55.417785 55.606818 55.524351 55.614251 55.245280 55.471961 55.722139 55.696863 55.613112 55.356738 55.587469 55.401866 55.731752 55.443927 55.687969 55.407690 55.695133 55.781353 
55.601273 55.673051 55.679514 55.547351 55.752713 55.666576 55.461249 55.544925 55.816935 55.552296 55.721530 55.824894 
55.795768 55.673051 55.679514 55.560064 55.656179 55.666576 55.607853 55.294584 55.513199 55.466026 55.574411 55.262484 
55.338769 55.712875 55.679514 55.426556 55.656179 55.561120 55.266420 55.486102 55.638096 55.195495 55.530591 55.486840 55.636884 55.833341 55.534883 55.486304 
55.541267 55.495277 55.719535 55.411681 55.687658 55.694478 55.694990 55.426374 55.225409 55.264003 
55.633394 55.516295 55.347767 55.622467 55.527569 55.692887 55.616078 55.570718 55.281455 
55.681740 55.691825 55.494221 55.736634 55.541997 55.409599 55.472951 55.564424 55.622405 55.386046 55.604903 55.695621 55.599439 55.434326 55.631993 55.540001 55.751964 55.762102 55.566233 55.708617 55.649210 
55.561939 55.440090 55.307655 55.535096 55.765597 55.704165 55.304535 
55.561939 55.384241 55.629650 55.419472 55.538753 55.380875 55.808937 55.625893 55.553322 55.325602 55.506661 55.794543 55.547792 55.293135 55.416578 55.484489 55.776232 55.754771 55.803662 55.815859 55.776434 55.793133 55.498958 
55.776232 55.750757 55.502763 55.759294 55.535302 55.527617 55.579381 55.502911 55.510501 55.559059 55.405702 55.624495 55.525467 55.528133 55.449554 55.580998 55.302113 55.545404 
55.469600 55.807382 55.559059 55.255309 55.553611 55.610618 55.386235 55.485364 55.603898 55.801535 55.300305 
55.667123 55.521315 55.559059 55.434506 55.766598 55.468874 55.541701 55.307162 55.437659 55.538518 55.344333 55.475003 55.788682 55.716524 55.474921 55.735875 
55.450375 55.563097 55.476509 55.658027 55.394420 55.580740 55.231575 55.653075 55.680276 55.473512 55.577634 55.800404 55.549085 55.740592 55.436960 55.298602 55.767879 55.459178 55.379673 55.469680 55.378720 55.573708 55.561386 55.501460 55.605511 55.750805 55.702746 55.454765 55.545393 55.740896 55.596660 55.476525 55.779044 
55.382342 55.691453 55.598765 55.583884 55.479945 55.235135 55.392137 55.707569 55.488715 55.636623 55.824035 55.592029 55.534039 55.803992 55.602899 55.405177 55.529903 55.650131 55.642842 55.522689 55.536555 55.404313 55.444257 55.811060 55.263128 55.243871 55.754781 55.516182 55.272829 55.284256 55.520950 55.767968 55.497499 
55.449067 55.599149 55.616507 55.391416 55.292301 55.318088 55.448348 55.722207 55.339033 55.794045 55.454653 55.316811 55.255951 55.713021 55.359903 55.444257 55.567454 55.547226 55.642842 55.697725 55.630300 55.680754 55.312430 55.283350 55.571969 55.345819 55.417676 55.393239 55.400370 55.739769 55.531669 55.752292 55.561729 55.305754 
55.509566 55.529368 55.476260 55.642842 55.398884 55.464762 55.548339 55.743382 55.239338 55.617204 55.544252 55.489587 55.602135 55.309475 55.547366 55.630300 55.468445 55.697725 55.788006 55.549526 55.197808 55.405208 55.481426 
55.342723 55.456347 55.387106 55.642842 55.789703 55.699778 55.795825 55.527686 55.273292 55.269335 55.734371 55.494453 55.762784 
55.304079 55.333541 55.423456 55.728357 55.722126 55.417561 55.406930 55.459481 55.765701 55.576438 55.706943 55.557621 55.826277 55.804193 55.673786 55.642778 55.581915 55.610283 55.634431 55.616664 55.344298 55.425135 55.388751 55.548035 55.593021 55.415195 
55.579152 55.454675 55.327267 55.640165 55.753231 55.506550 55.601572 55.334438 55.445427 55.433802 55.800449 55.622069 55.612073 55.279947 55.559069 55.453289 55.778438 55.645487 55.651521 55.480189 55.731671 55.650170 55.548101 55.492896 55.768583 55.492420 
55.555246 55.673840 55.539184 55.607197 55.790236 55.446894 55.601572 55.779171 55.640817 55.670835 55.568463 55.549397 55.534447 55.361378 55.559069 55.514145 55.818433 55.510218 55.651521 55.579832 55.690764 55.279580 55.634085 55.808440 55.437759 55.528212 55.316147 55.319414 55.802238 55.587432 55.631622 55.629150 
55.456010 55.796514 55.503493 55.407564 55.565077 55.809618 55.801277 55.757172 55.433691 55.601867 55.321263 55.295539 55.473234 55.321669 55.544878 55.539443 55.543298 55.301405 55.406172 55.437658 55.544253 
55.412158 55.374187 55.488825 55.433195 55.517460 55.623081 55.721258 55.582717 55.378245 55.601867 55.377844 55.489552 55.380364 55.738668 55.408429 55.477973 55.373682 55.713836 55.644652 55.353580 55.497362 55.315639 55.403517 
55.608988 55.555998 55.586723 55.660988 55.252766 55.444649 55.494673 55.324248 55.737195 55.674162 55.313477 55.652058 55.442310 55.617114 55.672800 55.448742 55.761567 55.413436 55.760097 55.567091 55.477649 55.540302 55.265333 55.785494 
55.652058 55.617114 55.355645 55.686777 55.673993 55.442265 55.573828 55.316125 55.787643 55.801750 55.242972 
55.708099 55.498252 55.724252 55.788410 55.602502 55.637892 55.430748 55.695804 55.715298 55.541147 55.270238 55.399996 55.336959 55.684001 55.812067 
55.598855 55.628776 55.645336 55.377905 55.566275 55.637892 55.538484 55.483785 55.625308 55.716164 55.817404 55.676181 55.375128 55.381237 55.471831 55.409991 55.573298 55.614776 55.620500 55.666758 55.571696 
55.505765 55.448236 55.584055 55.468223 55.459161 55.359713 55.374232 55.804369 55.259704 55.327406 55.517180 55.676181 55.572529 55.694287 55.757209 55.359865 
55.677749 55.676181 55.610729 55.418231 55.594633 55.683207 55.404859 55.694229 55.357115 55.376414 
55.784681 55.676181 55.610729 55.657095 55.537239 55.683207 55.739952 55.743993 55.787239 55.831595 55.727588 55.443851 55.362927 55.538024 55.810901 55.555302 55.501022 55.806331 55.590575 55.578213 55.649910 55.521311 55.589708 55.617014 55.727390 
55.304814 55.676181 55.644223 55.630196 55.354903 55.645074 55.427469 55.442944 55.735454 55.467401 55.463583 55.480598 55.688305 55.762263 55.527407 55.651699 55.508543 55.342165 55.495341 55.619981 
55.454124 55.684140 55.651699 55.630196 55.614963 55.636397 55.536581 55.579972 55.690859 55.438372 55.262272 55.571260 55.542371 55.726507 55.522140 55.739490 55.341259 55.582276 55.742824 55.508142 55.274034 55.763841 55.719419 55.741370 55.755583 55.480726 55.595120 55.367534 55.777686 55.408728 55.645886 55.553684 55.580657 55.361592 55.602946 55.374904 55.453031 55.386562 55.343956 55.794946 55.562657 55.420596 55.733486 55.664169 55.719942 55.606045 
55.410770 55.226404 55.651699 55.484408 55.513438 55.657679 55.468920 55.622923 55.614548 55.524693 55.666298 55.415887 55.472662 55.462918 55.530040 55.557673 
55.594807 55.533176 55.651699 55.753008 55.513464 55.510645 55.354656 55.713225 55.628527 55.373805 55.666298 55.387484 55.808263 
55.619840 55.474922 55.651699 55.676134 55.546319 55.475250 55.475138 55.714791 55.628527 55.730684 55.666298 55.279105 55.654428 55.291683 55.597734 55.546756 55.560338 55.360705 55.415268 55.454355 55.461242 55.260083 55.329941 55.493587 55.679672 55.393247 
55.504000 55.736511 55.645624 55.242731 55.538606 55.482229 55.470241 55.795118 55.628527 55.605986 55.666298 55.303399 55.625823 55.612857 55.597734 55.471304 55.694678 55.309530 55.335364 55.715934 55.798617 55.709469 55.366374 55.272488 55.806325 55.676100 55.518744 55.561537 55.316859 55.424050 
55.549884 55.500525 55.501603 55.454155 55.666298 55.601783 55.644170 55.654712 55.253016 55.601974 55.790855 55.274174 55.525071 55.692002 
55.686354 55.476981 55.541460 55.654712 55.666298 55.602206 55.585252 55.469310 55.772570 55.815233 55.265374 55.545324 55.538202 55.345453 
55.681164 55.799302 55.345116 55.654712 55.666298 55.396858 55.541395 55.286254 55.576623 55.334027 55.341947 55.691061 55.395572 55.322526 55.561496 
55.630050 55.577212 55.624707 55.823591 55.724022 55.680712 55.554030 55.604006 55.457361 55.665284 55.461370 55.782072 
55.673320 55.562939 55.624707 55.534647 55.356526 55.680712 55.541579 55.426352 55.401326 55.569463 55.714144 55.513438 55.741141 55.379101 55.830942 55.637715 55.498919 55.365925 55.675408 
55.673320 55.617869 55.588625 55.679663 55.659043 55.676664 55.676393 55.422256 55.234619 55.543613 55.312954 55.299398 55.431174 55.778425 55.608845 
55.461492 55.564725 55.544814 55.795289 55.608109 55.564626 55.478438 55.688153 55.295624 55.322429 55.422363 55.576621 
55.769387 55.564725 55.544814 55.601154 55.814550 55.564626 55.558157 55.586607 55.581296 55.751238 55.716559 55.784234 55.357696 
55.830251 55.564725 55.449367 55.443468 55.564271 55.595161 55.449664 55.715506 55.323739 55.699566 55.396590 55.677746 55.780505 55.607123 55.535183 55.413289 55.677924 
55.422758 55.727233 55.570379 55.372307 55.548758 55.419854 55.525787 55.631094 55.522284 55.414507 55.783822 55.747880 55.348034 55.505511 55.739106 55.365705 55.684527 55.554112 
55.470086 55.349385 55.554580 55.806761 55.541630 55.471692 55.270256 55.611578 55.807349 55.738574 55.789679 55.443728 55.545549 55.802696 55.251812 55.581560 55.510256 55.401493 55.600098 55.444817 55.273333 
55.738574 55.611578 55.364280 55.633897 55.366493 55.667377 55.525759 
55.738574 55.382211 55.303430 55.456661 55.586880 55.801006 55.523115 55.507094 55.625332 55.497272 55.604722 55.539523 55.658726 55.814398 55.767601 55.468595 55.663742 
55.662237 55.762383 55.657550 55.311114 55.824370 55.410558 55.310561 55.810474 
55.432599 55.338113 55.657460 55.682687 55.590846 55.722774 55.416181 55.633185 55.792364 
55.400963 55.564120 55.720424 55.496052 55.441143 55.692022 55.607681 55.379543 55.301829 55.620920 55.719093 55.556159 
55.726128 55.614398 55.291950 55.559136 55.325205 55.678674 55.293767 55.356332 55.413143 55.563062 55.325332 55.652774 55.834352 55.771228 55.457079 55.378724 55.554838 
55.611012 55.588702 55.407485 55.559195 55.521452 55.617519 55.407401 55.472489 55.488564 55.642842 55.735887 55.378989 55.575108 55.780758 55.283843 55.422924 55.746955 55.317738 55.539195 55.266872 
55.606229 55.790179 55.503916 55.389840 55.240556 55.301863 55.607095 55.536266 55.709046 55.255904 55.435526 55.628725 55.677167 55.519725 55.793534 
55.687767 55.600090 55.374625 55.636421 55.462372 55.597919 55.411588 55.687569 55.336222 55.358236 
55.700589 55.463406 55.597555 55.566310 55.432595 55.717643 55.587526 55.794581 55.566951 55.321657 55.636802 55.541146 55.433965 
55.594584 55.670419 55.289386 55.687580 55.544964 55.757342 55.730119 55.846736 55.441504 55.492180 55.333513 55.816667 55.239183 55.314310 55.565079 55.518155 55.553165 55.746298 55.630524 
55.372425 55.440947 55.588014 55.425395 55.409233 55.282871 55.730119 55.742050 55.364609 55.800437 55.372311 55.648183 55.415263 55.644521 55.579785 55.535018 
55.688906 55.600592 55.462629 55.719808 55.332964 55.302299 55.539208 55.376047 55.314585 55.697596 55.765973 55.517037 55.700734 55.677023 55.260887 55.475846 55.304379 55.750388 
55.773261 55.565636 55.604058 55.476290 55.683891 55.630117 55.700734 55.613962 55.546699 55.444964 55.331245 55.499896 55.415797 55.676918 55.782817 55.599621 55.634730 55.400626 55.604030 55.848515 55.525523 55.461754 55.478636 55.717106 
55.680366 55.583648 55.420768 55.255926 55.458949 55.645359 55.402647 55.706865 55.613062 55.715469 55.330134 55.704575 55.647297 55.408051 55.643755 55.611608 55.766920 55.403345 55.656912 55.571056 55.313137 55.517710 55.741546 55.750973 55.701753 55.451228 55.374743 55.342090 55.477301 55.321579 55.531708 55.570143 55.548511 55.845771 55.702810 55.816789 
55.616282 55.583648 55.308091 55.357615 55.459598 55.471165 55.397221 55.706865 55.436832 55.354460 55.675286 55.704184 55.754925 55.685727 55.258855 55.664392 55.446694 55.776504 55.493088 55.574049 
55.369549 55.293996 55.484424 55.681328 55.644049 55.791235 55.709091 55.637763 55.547818 55.679454 55.476309 55.525317 55.525268 55.387804 55.281150 
55.694472 55.768127 55.286936 55.635597 55.669370 55.545880 55.645546 55.334212 55.536772 55.433661 55.394550 55.464496 55.679454 55.437200 55.745368 55.575795 55.621859 55.557488 55.449758 55.764493 55.283306 55.355449 
55.692784 55.754134 55.633369 55.554204 55.600595 55.421954 55.524580 55.302375 55.731728 55.500296 55.504126 55.449125 55.529613 55.766640 
55.692784 55.739903 55.593371 55.490311 55.654272 55.335666 55.435476 55.548384 55.607213 55.333275 
55.692784 55.744883 55.636447 55.519182 55.654272 55.409080 55.361102 55.548384 55.460528 55.298215 55.575129 55.543382 55.454488 55.730162 55.536362 55.371659 55.430806 55.578521 55.399375 55.286030 55.501207 55.487141 55.566998 55.306006 55.247696 55.407574 55.530978 
55.692784 55.509324 55.431168 55.548170 55.264242 55.647006 55.571671 55.548384 55.490092 55.314843 55.443987 55.543382 55.568163 55.494448 55.462661 
55.675833 55.385912 55.313356 55.588639 55.702093 55.442599 55.437000 55.558012 55.568163 55.765574 55.790035 55.351094 55.540357 55.386405 55.751008 55.323016 55.601491 55.436483 
55.660466 55.513626 55.519127 55.376230 55.537565 55.711144 55.448520 55.550613 55.242351 55.767939 55.664071 55.630142 55.739538 55.254158 55.540003 55.225765 55.405123 55.361976 55.381576 55.379797 55.396148 55.788207 55.815343 55.496836 55.685898 55.340575 55.633385 55.506509 55.610869 
55.507486 55.634619 55.379771 55.377938 55.547234 55.711144 55.403685 55.573286 55.504831 55.585638 
55.393754 55.518059 55.710290 55.511470 55.697442 55.711144 55.579319 55.630386 55.571664 55.770508 55.461953 55.837458 55.642040 55.413501 55.697778 55.210072 
55.799476 55.569478 55.710290 55.564095 55.534809 55.711144 55.569343 55.630386 55.785503 55.308015 55.825923 55.488953 55.704791 55.293365 55.548254 55.406180 55.765223 55.266373 55.501061 55.590113 55.487202 55.633447 55.319958 55.539058 55.726044 55.383924 55.663196 55.683346 55.445207 55.324648 55.842783 
55.473237 55.634601 55.204348 55.581128 55.558831 55.711144 55.641314 55.439678 55.630562 55.378903 55.750297 55.647877 55.637498 55.463493 55.778736 55.355989 55.719261 55.312945 55.362443 55.584311 55.769459 55.662345 
55.592013 55.411265 55.504760 55.628692 55.558831 55.822366 55.686111 55.580398 55.626219 55.717804 55.569006 55.715957 55.573591 55.557970 
55.622669 55.525822 55.504760 55.241551 55.679817 55.706791 55.528677 55.787385 55.576227 55.335313 55.357761 55.571495 55.598826 55.227984 55.528709 55.833687 55.441576 55.335915 55.556549 55.227784 55.817695 55.323156 55.703808 55.318355 55.520014 55.598752 
55.748925 55.701582 55.612964 55.514105 55.836255 55.750101 55.787942 55.608020 55.587271 55.194274 55.479410 55.578536 55.583801 55.369007 55.495522 55.533567 55.389738 
55.590334 55.772053 55.365046 55.361600 55.672848 55.647172 55.535181 55.750766 55.800052 55.451469 55.742299 55.786964 55.700198 55.591180 55.749033 55.436542 55.627731 
55.232560 55.700198 55.723210 55.208803 55.640233 55.626396 55.589275 55.514435 55.384435 55.585317 55.549673 55.609946 55.593826 55.468317 55.489861 55.560056 55.355071 
55.335520 55.700198 55.585317 55.704583 55.556241 55.625347 55.463685 55.536133 55.492734 55.611808 55.383870 55.331568 55.486540 55.518951 55.766136 55.636076 55.234128 55.210284 55.425808 
55.395214 55.676708 55.473470 55.566158 55.623758 55.331212 55.475483 55.586543 55.588721 55.213294 55.353278 55.670286 55.742598 55.405518 55.309113 55.458883 55.560131 
55.478399 55.676708 55.711419 55.361794 55.623758 55.477716 55.630866 55.586543 55.563277 55.489309 55.353555 55.490499 55.271345 55.632600 55.644539 55.531781 55.570190 55.694866 55.834549 55.447810 55.500305 
55.685543 55.676708 55.492798 55.673261 55.493797 55.546094 55.321382 55.638933 55.331417 55.462256 55.735071 55.586931 55.470159 55.538506 55.794412 55.408267 55.479658 
55.505754 55.676708 55.482731 55.531768 55.317271 55.423579 55.343222 55.387736 55.379142 55.571116 55.437202 55.586931 55.678515 55.433975 55.555877 55.633155 55.757439 55.435343 55.223161 55.523804 55.797581 55.332187 55.435678 
55.315653 55.271074 55.385910 55.547799 55.272703 55.454404 55.538469 55.549655 55.224954 55.645992 55.816301 55.796593 55.474993 55.618544 55.248719 55.533496 55.689523 55.643804 55.453636 55.569339 
55.654257 55.583950 55.569728 55.723478 55.812849 55.440210 55.691167 55.477644 55.497915 55.786686 55.634761 55.579530 55.616355 
55.683232 55.439279 55.738591 55.255918 55.286196 55.361511 55.754960 55.551831 55.727106 55.645155 55.830527 55.618758 55.466444 55.703680 55.293358 55.622272 55.734693 55.331038 55.665602 55.441971 55.683376 55.274218 
55.797820 55.603178 55.617657 55.696256 55.703680 55.341170 55.492323 55.618758 55.297708 55.654862 55.262484 55.813300 55.562933 55.722854 55.493124 55.536515 55.356981 55.571571 55.537676 55.431205 55.801306 55.558629 55.521867 
55.589568 55.603178 55.617657 55.668141 55.703680 55.698034 55.490638 55.618758 55.455074 55.607921 55.560094 55.302537 55.454697 55.592129 55.501344 55.456121 
55.741568 55.653035 55.474872 55.587553 55.687160 55.256405 55.522240 55.618758 55.420213 55.512626 55.437212 55.553673 55.598442 55.585942 55.323919 55.299373 55.404018 55.585296 55.588198 55.456775 55.610604 55.310601 55.715944 55.316001 55.519273 55.792195 55.545704 55.549604 55.449335 55.304590 
55.550079 55.322905 55.437888 55.730218 55.687160 55.585296 55.243098 55.618758 55.458076 55.486825 55.468389 55.771077 55.824223 55.398097 55.497790 55.497367 55.524874 55.720983 55.373466 55.299996 55.472557 55.568340 55.599809 55.755568 55.465146 55.759548 
55.556186 55.719123 55.683038 55.412635 55.565069 55.585296 55.364064 55.618758 55.565520 55.529443 55.764932 55.423671 55.317693 55.351875 55.454840 
55.442710 55.719123 55.785572 55.531705 55.673002 55.578161 55.265207 55.618758 55.452795 55.639230 55.461552 55.307604 55.409908 55.767817 55.282337 55.472612 55.703867 55.334805 55.410516 55.395646 55.487220 55.458376 55.261800 55.407019 
55.459068 55.435989 55.779052 55.500927 55.593996 55.547602 55.497103 55.462731 55.452795 55.639230 55.736540 55.631937 55.478297 55.432743 55.522379 55.772388 55.498048 55.278261 55.523482 55.648510 55.337093 55.496556 55.700161 55.474558 55.765806 55.790154 55.734756 
55.766814 55.659559 55.651099 55.496023 55.602631 55.357339 55.465286 55.776047 55.689084 55.639230 55.610010 55.744998 55.342696 55.604767 55.732994 55.328809 55.358449 55.513896 55.572379 55.291958 55.472693 55.332535 55.641446 55.751253 55.520110 55.626064 55.319665 55.401653 55.536903 55.488513 55.460501 55.639831 55.550779 
55.340470 55.373373 55.270056 55.488513 55.359152 55.697127 55.744921 55.626351 55.720466 55.639230 55.697142 55.416086 55.470717 55.604767 55.781265 55.528377 55.717103 55.279289 55.528387 55.680771 55.472693 55.534946 55.454615 55.531530 55.520110 55.549395 55.719118 55.713896 55.737316 55.280583 
55.292664 55.391568 55.712141 55.701798 55.378942 55.434888 55.616935 55.401483 55.690549 55.639230 55.447073 55.630207 55.554510 55.604767 55.460729 55.384051 55.539544 55.741260 55.358035 55.506440 55.213175 55.384017 
55.639230 55.511380 55.502515 55.511341 55.496590 55.764604 55.611010 55.630207 55.690549 55.649127 55.343642 55.591960 
55.540400 55.544252 55.532368 55.573998 55.652408 55.806268 55.337998 55.629227 55.656840 55.456912 55.690474 55.696894 55.759588 55.766747 55.427254 55.275397 55.548455 55.409985 55.402545 
55.556906 55.388443 55.614452 55.390491 55.612712 55.607384 55.697882 55.325565 55.722422 55.339958 55.586227 55.815907 55.330271 
55.344060 55.607281 55.614452 55.364383 55.460170 55.607384 55.697882 55.344497 55.722422 55.360036 55.785384 55.621932 55.276147 55.296162 
55.342656 55.779384 55.824261 55.619031 55.453568 55.622929 55.720878 55.321116 55.285528 
55.430101 55.576798 55.613098 55.415185 55.700247 55.619619 55.774000 55.798742 55.463017 55.571529 55.379706 55.599433 55.802475 55.680396 
55.373438 55.575973 55.599433 55.524112 55.752936 55.702517 55.369984 55.694896 55.527208 55.800732 55.655379 55.630066 55.647250 55.698807 
55.618492 55.573569 55.623742 55.687017 55.339234 55.769524 55.505363 55.483911 55.626578 55.453074 55.809803 55.727446 55.247997 55.646765 55.691516 55.555544 55.605649 55.541330 55.464501 55.715270 55.422796 55.337792 55.712050 55.639560 55.711225 55.792279 55.793407 55.508944 55.310041 55.616748 55.400199 55.665362 55.466252 
55.716939 55.417848 55.551037 55.476336 55.592053 55.293958 55.644586 55.483911 55.379214 55.453074 55.499714 55.746341 55.564482 55.715270 55.578255 55.721539 55.794678 55.761398 55.735076 55.636659 55.338074 55.321600 55.596923 55.734018 55.820443 55.747743 55.736470 55.779286 55.738332 55.613318 
55.673047 55.323532 55.636659 55.639119 55.430997 55.699865 55.713189 55.460956 55.719317 55.427425 55.782690 55.408784 55.732423 55.720848 55.683854 55.470440 55.421417 55.493774 55.677457 55.812043 55.488877 55.449041 55.407100 55.313029 55.359418 
55.419668 55.801194 55.453767 55.255213 55.792400 55.749279 55.713189 55.390192 55.392923 55.614113 55.471206 55.450539 55.491929 55.566312 55.612632 55.780210 55.582896 55.351704 
55.823349 55.599818 55.579188 55.605473 55.713189 55.769292 55.723694 55.548504 55.556219 55.459417 55.724265 55.737493 55.748964 55.250126 55.549567 55.634799 55.483660 
55.319481 55.599818 55.750717 55.761217 55.713189 55.490185 55.568265 55.330929 55.603956 55.567741 55.566542 55.420528 55.246290 55.330510 55.646818 55.667863 55.594491 55.645100 55.717911 55.291335 
55.305467 55.599818 55.736629 55.633988 55.713189 55.728473 55.568265 55.533450 55.232947 55.296820 55.566542 55.347609 55.603712 55.604894 55.365016 55.536083 55.539310 55.342492 55.397959 55.266580 55.648783 55.620550 
55.751599 55.599818 55.422025 55.453837 55.713189 55.475960 55.538309 55.313921 55.522752 55.321716 55.303854 55.408652 55.528816 55.320575 55.624140 55.407591 55.672745 55.834939 55.379760 55.777692 
55.601023 55.593416 55.724730 55.766767 55.713189 55.639015 55.538309 55.403421 55.782375 55.387379 55.775468 55.338341 55.227187 55.288024 55.459719 55.525292 55.754288 55.589626 55.564372 55.626334 55.407356 
55.443518 55.379311 55.529528 55.371367 55.697155 55.532313 55.538309 55.717346 55.516453 55.610769 55.520298 55.598535 55.427020 55.696850 55.773819 55.333356 55.281537 55.400645 55.359809 55.263812 55.733011 55.700044 55.637234 
55.664555 55.803718 55.603370 55.634069 55.492949 55.350732 55.684192 55.653903 55.364608 55.355461 55.785351 55.584508 55.327893 
55.615821 55.661627 55.659707 55.714296 55.390361 55.681855 55.423613 55.819918 55.724064 55.350734 55.656181 55.593347 55.632040 55.631280 55.329601 55.677291 55.274658 
55.615821 55.746129 55.743723 55.714296 55.678674 55.681855 55.571530 55.786033 55.494492 55.741120 55.585929 55.323047 55.443192 55.285518 55.675068 55.699187 55.658499 55.727408 55.243891 55.660944 55.411080 55.435025 55.562255 55.383001 55.580885 55.275120 55.351997 55.339072 55.330215 55.624947 55.436767 
55.297554 55.670201 55.501613 55.521859 55.544844 55.632696 55.330175 55.477669 55.596394 55.488810 55.345412 55.648838 55.386135 55.580057 55.472402 55.726129 55.609969 55.580684 55.450263 55.643702 55.491440 55.461308 55.474464 55.620116 55.504453 55.664957 
55.364923 55.484761 55.582160 55.566235 55.541516 55.589002 55.414375 55.254122 55.683959 55.587714 55.587853 55.244904 55.470828 55.597544 55.372104 55.805149 55.511414 55.363548 55.623215 55.833815 55.527818 55.803934 55.381594 55.414996 55.779288 55.233289 55.288740 55.676466 55.452887 55.366811 55.409234 
55.725788 55.557883 55.605146 55.597544 55.539498 55.640214 55.706280 55.728215 55.683959 55.587714 55.338419 55.827575 55.349577 55.488324 55.699483 55.556657 55.356498 55.619115 55.471773 55.634994 55.461688 55.347399 55.821841 55.601853 55.274049 55.448020 
55.408861 55.697322 55.408612 55.568487 55.507565 55.270857 55.603821 55.325079 55.716445 55.600430 55.650880 55.559916 55.485744 55.380925 55.573778 55.694647 55.697971 55.539305 55.504374 55.269800 55.717960 55.580277 55.747432 55.502740 55.745111 55.810282 55.390812 55.606140 55.373387 
55.734178 55.683652 55.565921 55.640692 55.750943 55.494806 55.731077 55.503680 55.571837 55.292218 55.798018 55.820511 55.637526 55.356746 55.649513 55.762731 55.523769 
55.701922 55.683652 55.562834 55.640692 55.498436 55.816715 55.731077 55.401419 55.703619 55.789014 55.648613 55.728526 55.727122 55.232773 55.543185 55.561122 55.668133 
55.355066 55.683652 55.413862 55.641679 55.703556 55.253773 55.731077 55.678538 55.528039 55.560652 55.598169 55.559859 55.534701 55.773864 55.826898 55.703481 55.464490 55.461669 55.746980 
55.644860 55.482161 55.436381 55.641679 55.614765 55.739437 55.731077 55.683214 55.543201 55.684450 55.703733 55.348691 
55.827790 55.346106 55.493358 55.348666 55.542705 55.590813 55.626833 55.683214 55.619159 55.705157 55.420191 55.431306 55.690219 55.682741 55.567747 55.414705 55.516929 55.476970 55.427576 55.745403 55.585928 55.653824 55.375730 55.426507 55.736446 55.333632 55.256500 55.559518 55.312312 55.550656 
55.706949 55.337252 55.535893 55.580654 55.561387 55.611991 55.526752 55.516508 55.398586 55.337290 55.674796 55.388883 55.658713 55.525423 55.551067 55.629268 55.471714 55.711145 55.579464 55.591953 
55.621823 55.497162 55.476287 55.765374 55.370458 55.403550 55.640686 55.469256 55.623626 55.757848 55.674796 55.411680 55.333800 55.480956 55.245877 55.721010 
55.720446 55.544086 55.347879 55.497666 55.747276 55.698702 55.640686 55.684516 55.739237 55.436602 55.748172 55.422706 55.743805 
55.490176 55.330885 55.823788 55.380930 55.438071 55.698702 55.640686 55.451332 55.748112 55.492560 55.557327 55.569350 55.389490 55.723897 55.580647 55.725506 55.403384 55.510860 55.735219 55.316874 55.706802 55.576652 55.807498 55.435471 55.308264 55.738019 55.686105 
55.667487 55.425876 55.511139 55.320417 55.597298 55.698702 55.640686 55.647876 55.584475 55.682412 55.541618 55.489237 55.467765 55.783746 55.630776 55.577657 55.513534 55.491723 55.548285 55.694982 55.779160 55.488047 
55.580644 55.808203 55.616827 55.407530 55.654921 55.398704 55.610307 55.353977 55.398218 55.359483 55.334026 55.588998 55.337416 55.535380 55.484695 55.431738 55.433812 55.739748 
55.580230 55.594213 55.575577 55.581600 55.374253 55.374871 55.626614 55.783971 55.497101 55.373492 55.374179 55.420849 55.411157 55.616037 55.424952 55.436853 55.820262 55.477807 
55.476371 55.576883 55.792215 55.560922 55.615650 55.447307 55.309535 55.798402 55.237465 55.803305 55.827213 55.461496 55.748213 55.407604 55.494883 
55.485604 55.272421 55.718956 55.799511 55.333658 55.587573 55.325515 55.607086 55.563155 55.386262 55.461002 55.387408 55.781105 55.301167 55.577706 55.385673 55.686107 55.372864 55.711896 55.792537 55.297748 55.681532 55.637489 55.481099 
55.552506 55.394798 55.764202 55.732348 55.394848 55.540858 55.716033 55.737955 55.798310 55.562011 55.679646 55.377488 55.551223 55.447448 55.589744 55.767204 55.225721 55.323722 55.773936 55.374246 
55.347703 55.716033 55.671988 55.459160 55.589744 55.805734 55.378331 55.372552 55.339761 
55.619874 55.718118 55.377187 55.366528 55.377822 55.586946 55.787788 55.525111 55.756755 55.425840 55.587835 55.435573 55.784519 55.801671 55.593953 55.477375 55.439555 55.409637 55.532885 55.590462 
55.740931 55.723008 55.483414 55.557655 55.576666 55.458898 55.541598 55.661675 55.732534 55.749654 55.771380 55.789634 55.655484 55.532885 
55.250834 55.528590 55.556056 55.557622 55.535502 55.749031 55.547028 55.533830 55.432398 55.802359 55.532885 55.392708 55.391120 55.840387 55.608946 55.407526 55.806424 55.261507 55.801440 55.457169 55.587853 55.794290 55.311419 55.437791 55.764430 
55.798133 55.627208 55.556056 55.557622 55.722117 55.524640 55.493726 55.410950 55.457792 55.325931 55.465373 55.533863 55.605288 55.306749 55.510906 55.603040 55.772530 55.786877 55.514417 
55.443179 55.780755 55.487177 55.571589 55.722117 55.577148 55.244386 55.572641 55.361546 55.512542 
55.572537 55.304019 55.371072 55.634851 55.722117 55.513047 55.723443 55.646535 55.793235 55.543367 55.592506 55.393347 55.358241 55.813163 55.321709 55.744894 55.777693 55.401957 55.749038 55.444344 55.743843 55.637843 55.360148 55.638504 55.379082 55.325802 55.692774 55.493473 55.595398 55.754471 
55.711438 55.642500 55.565632 55.483001 55.795501 55.484391 55.718905 55.385698 55.629454 55.629499 55.517511 55.287348 55.503724 55.689375 55.669296 55.626059 55.779894 55.681637 55.708378 55.337046 55.536875 55.479329 55.488258 
55.763970 55.660794 55.678770 55.281066 55.698077 55.636588 55.294504 55.430775 55.558652 55.246093 55.682112 55.448343 55.620161 55.437969 55.706568 55.728371 55.525669 55.579438 55.420246 55.301579 55.316755 55.711931 55.347852 
55.496203 55.607916 55.390249 55.520088 55.356381 55.451097 55.303335 55.626113 55.343914 55.794038 55.431701 55.648687 55.580912 55.607922 55.663014 55.440709 55.433777 55.250749 55.448394 55.379533 55.735292 55.838047 55.437637 55.282155 55.558977 55.490618 55.384221 55.469658 55.232807 55.307278 55.522818 
55.550740 55.594831 55.541142 55.473204 55.576580 55.323417 55.744938 55.667299 55.725794 55.464841 55.557705 55.367863 55.437771 55.367969 55.530465 55.732273 55.283203 55.553257 55.608652 55.803470 55.755004 55.714373 55.740530 55.492384 55.586684 55.283432 55.310918 55.346149 55.784202 55.724468 55.429844 55.320669 
55.424114 55.696379 55.541142 55.473186 55.562556 55.778817 55.617227 55.723179 55.404573 55.720047 55.487868 55.358698 55.514809 55.608652 55.558396 55.649836 55.395733 55.720528 55.389203 55.294174 55.354859 55.363752 55.335040 55.330186 55.824766 
55.620519 55.706870 55.706145 55.768090 55.584599 55.295130 55.457644 55.648982 55.761488 55.691295 55.505487 55.593353 55.707884 55.608652 55.490532 55.366995 55.497814 55.287797 55.236874 55.282666 55.382507 
55.701271 55.341371 55.427878 55.608652 55.524106 55.586756 55.429687 55.813273 55.534137 55.691295 55.593353 55.531812 
55.492542 55.668883 55.483466 55.499411 55.587038 55.323836 55.673455 55.768599 55.796477 55.373522 55.838648 55.425710 55.256643 55.476843 55.718639 55.611408 55.679409 55.337202 55.396742 55.604548 55.737615 55.438037 
55.605223 55.445087 55.612241 55.410949 55.612344 55.611923 55.218168 55.642106 55.792614 55.746806 55.696968 55.420197 55.572140 55.788527 
55.802241 55.665249 55.752981 55.211711 55.703050 55.601833 55.630646 55.593557 55.573409 55.782206 55.355633 55.460498 55.366441 55.684416 55.419840 55.449575 55.719738 55.627706 55.695198 55.628466 55.602476 
55.755497 55.754214 55.543459 55.629152 55.695198 55.593557 55.639638 55.455185 55.459669 55.604315 55.561618 55.259954 55.469898 55.537065 55.683429 55.468922 55.560198 55.414743 
55.604434 55.692913 55.598456 55.626963 55.582475 55.555211 55.708384 55.574953 55.609459 55.704589 55.615167 55.212961 55.713768 55.452622 55.320558 55.404576 55.561057 55.495277 55.743640 55.703568 55.302015 55.660027 55.594648 55.503156 55.499253 55.314507 
55.604434 55.570092 55.598456 55.801293 55.328301 55.417687 55.632408 55.475561 55.472574 55.339692 55.694435 55.514387 55.688047 55.410047 55.495403 55.737213 55.467809 55.773051 55.828224 
55.291779 55.336869 55.817725 55.474383 55.294808 55.361072 55.815076 55.625810 55.546183 55.705479 55.579372 55.726328 55.720069 55.417969 55.612341 55.374020 55.654890 55.768057 55.721851 55.807040 
55.534982 55.690650 55.685606 55.582316 55.697442 55.737073 55.709345 55.625810 55.285511 55.344541 55.813803 55.354163 55.347547 55.641737 
55.575359 55.679023 55.284673 55.363412 55.718406 55.375989 55.602573 55.715463 55.482652 55.588662 55.608561 55.647681 55.679185 55.529536 55.515554 
55.594340 55.811409 55.551991 55.543996 55.492527 55.776328 55.435687 55.638596 55.450994 55.306781 55.579012 55.478851 55.269957 55.604908 55.408081 55.696221 55.375872 55.490938 
55.507124 55.409673 55.310158 55.671421 55.769968 55.691607 55.654781 55.710643 55.696646 55.626016 55.601939 55.473395 55.239682 55.790084 55.333150 55.485534 55.774648 55.293425 55.425416 55.300497 55.654862 
55.579136 55.563736 55.383979 55.649328 55.794866 55.664162 55.674306 55.379193 55.262898 55.713009 55.693951 55.750755 55.239301 55.448466 55.448402 55.559140 55.257757 55.373155 55.646014 55.591576 55.515163 55.392205 55.336379 55.442924 
55.446350 55.649218 55.563653 55.745081 55.419977 55.490180 55.674306 55.603170 55.634385 55.773206 55.326446 55.444773 55.336518 55.815753 55.664048 55.478758 
55.622575 55.578917 55.479918 55.690982 55.500929 55.616784 55.663635 55.492006 55.554631 55.744386 55.707894 55.756791 55.517461 55.472523 55.647795 55.418494 55.390819 55.300227 
55.622575 55.531250 55.434109 55.690982 55.596766 55.445537 55.442357 55.341390 55.848151 55.627869 55.564373 55.655579 55.562460 55.775084 55.602245 55.323322 55.457945 55.762819 55.381249 55.349635 55.679882 
55.622575 55.512021 55.339513 55.408667 55.596766 55.553135 55.482281 55.732175 55.455855 55.762623 55.739368 55.698167 55.686314 55.776388 55.638952 55.538404 55.787920 55.470933 55.621488 55.512355 55.738821 55.388991 
55.622575 55.384684 55.328086 55.574558 55.227506 55.480807 55.573033 55.428832 55.319521 55.343409 55.792703 55.698167 55.247829 55.364819 55.807997 55.350342 55.507388 55.436203 55.264259 55.340445 55.390454 55.389742 55.778213 55.547012 55.392353 55.356816 55.818192 55.336823 55.419666 
55.617851 55.459659 55.516482 55.368117 55.452367 55.474217 55.698167 55.633104 55.432311 55.387898 55.358634 55.374560 55.394132 55.629596 55.414317 
55.454304 55.320235 55.576147 55.633912 55.309281 55.489977 55.698167 55.443932 55.629175 55.774651 55.490116 55.326609 
55.491943 55.535165 55.576147 55.520922 55.396794 55.535912 55.698167 55.750955 55.629175 55.380692 55.640075 55.451117 55.708428 55.529053 55.466480 55.278941 55.780220 55.642974 55.421081 55.709414 55.349131 55.516797 55.528561 55.509437 55.366191 55.279223 55.426939 55.356160 55.657688 55.320142 55.586516 55.455907 55.620738 55.792651 55.578513 55.519545 55.359620 55.691998 55.572297 55.804522 
55.775227 55.493849 55.558242 55.497493 55.637197 55.393931 55.698167 55.621974 55.629175 55.547447 55.541945 55.510993 
55.614299 55.765932 55.629175 55.698167 55.337720 55.429323 55.455863 55.529141 
55.534120 55.491721 55.583058 55.521444 55.695376 55.586217 55.735383 55.295912 55.594815 55.553722 55.472773 55.399504 55.434064 55.774510 55.622530 55.746314 55.365998 55.473789 55.550024 55.585521 55.560647 55.530525 55.378143 55.333796 55.404089 55.222163 55.583325 55.626514 55.696483 55.422802 55.716442 55.548968 55.422176 55.466478 
55.513939 55.410103 55.292118 55.736244 55.573159 55.466732 55.624703 55.484409 55.652423 55.827429 55.392798 55.720707 55.486559 55.356298 55.365853 55.730977 55.664687 55.448131 55.615732 55.505132 55.614531 55.385039 55.379401 55.285413 55.611064 55.796808 55.434729 55.412857 55.800841 55.467472 55.819102 55.669651 55.500361 55.411472 
55.189039 55.759307 55.544012 55.736244 55.624479 55.584126 55.625053 55.795493 55.352566 55.676577 55.440139 55.482183 55.453610 55.617045 55.512458 55.517119 55.706014 55.533336 55.501051 55.559911 55.492265 55.532719 55.371454 55.592335 55.455183 55.528557 55.570268 55.521737 55.647947 
55.531202 55.428368 55.770511 55.578296 55.624479 55.762582 55.380116 55.597749 55.652482 55.387185 55.330889 55.692900 55.795998 55.350035 55.495921 55.493123 55.478533 55.688227 
55.476907 55.353222 55.627480 55.300900 55.745631 55.521140 55.311441 55.674548 55.599187 55.638024 55.740534 55.518104 55.452631 55.597873 55.800274 55.570088 55.706017 55.736373 55.396465 55.436830 55.672907 55.408846 55.609902 55.413726 55.674125 55.593347 55.760918 55.677203 55.478051 55.570938 
55.321689 55.520883 55.532284 55.613972 55.804424 55.461536 55.625605 55.674548 55.567689 55.529867 55.306792 
55.524696 55.568859 55.674548 55.523518 55.357328 55.310274 55.413377 55.604253 55.720238 55.555978 55.321341 55.445444 55.233977 55.351673 55.681040 
55.387167 55.488985 55.473851 55.592989 55.379644 55.235485 55.818048 55.806931 55.431482 55.594564 55.632031 55.465956 55.609366 
55.663888 55.656236 55.570795 55.445109 55.712982 55.633631 55.676096 55.373802 55.521757 55.448156 55.734213 55.555428 55.519449 55.523521 55.507831 55.350497 55.549207 55.376369 55.374431 
55.575400 55.439068 55.521757 55.519449 55.628235 55.520678 55.526753 55.623180 55.543242 55.321132 55.344981 
55.484572 55.751974 55.415491 55.494520 55.737535 55.407020 55.502132 55.653901 55.745001 55.399017 55.501342 55.613016 55.818923 55.517087 55.792132 55.389481 55.344904 55.406662 55.364143 55.465388 
55.449398 55.458702 55.506811 55.312175 55.483968 55.305176 55.423283 55.707570 55.430698 55.639743 55.538999 55.320524 55.454689 55.382269 55.593379 
55.572727 55.671999 55.283287 55.474359 55.639743 55.589128 55.529380 55.411466 55.562730 55.644431 55.278497 55.458779 55.468999 55.633064 55.324614 55.713879 55.604801 55.690942 55.575885 55.283574 55.222570 55.351881 
55.680823 55.345754 55.664971 55.335735 55.631170 55.332731 55.580645 55.737146 55.735720 55.533148 55.471595 55.732826 55.626958 55.430580 55.557564 55.418678 55.780163 55.606968 55.317023 55.318899 55.284884 55.412089 55.406827 
55.726927 55.554476 55.711831 55.614522 55.526990 55.457777 55.420830 55.663296 55.615895 55.565529 55.594178 55.582458 55.588694 55.301189 55.619612 55.249832 55.735123 55.469837 55.559194 55.703882 55.621514 55.612442 55.444041 
55.386597 55.342656 55.386144 55.377781 55.603693 55.585701 55.795650 55.634687 55.648033 55.424557 55.736277 55.569882 55.307482 
55.540558 55.682943 55.578906 55.695863 55.746596 55.699223 55.373205 55.736277 55.511077 
55.751377 55.435512 55.631701 55.578268 55.635616 55.538552 55.548633 55.385086 55.263972 55.345933 55.449547 55.747555 55.231599 55.288882 55.604206 55.750805 55.432456 55.692034 55.328055 55.827022 55.456481 55.657547 55.612261 55.311289 
55.751377 55.251291 55.510310 55.578268 55.434846 55.247493 55.758667 55.800310 55.513343 
55.751377 55.453261 55.510310 55.578268 55.434846 55.576350 55.578359 
55.509316 55.401385 55.296209 55.588342 55.503199 55.614855 55.753818 55.729730 55.493160 55.499092 55.426405 55.681793 55.388321 55.711428 55.630956 55.658878 
55.425957 55.709605 55.577333 55.519509 55.508738 55.580220 55.445534 55.709299 55.765040 55.446979 55.558940 55.565967 55.542872 55.319654 
55.677946 55.559112 55.771457 55.653043 55.532521 55.331355 55.643352 55.816867 55.642605 55.825539 55.745349 
55.292305 55.395484 55.768038 55.582424 55.719906 55.612549 55.643352 55.448565 55.585334 55.469191 55.712594 55.631166 55.577226 
55.712291 55.295992 55.321888 55.542338 55.420948 55.566459 55.325501 55.449448 55.806617 55.747359 55.386876 55.354980 55.646306 55.405245 55.308871 55.380205 55.322944 
55.512154 55.454341 55.758362 55.511444 55.333885 55.438967 55.517938 55.412426 55.585605 55.294666 55.478316 
55.512154 55.577628 55.596092 55.410112 55.406546 55.430312 55.517938 55.289962 55.741041 55.737770 55.409644 55.410679 55.367341 55.413394 55.673511 55.238976 55.703336 55.660628 55.278059 55.401927 55.427816 55.719383 55.353443 55.824329 
55.289745 55.508168 55.586309 55.634783 55.506115 55.719383 55.517938 55.546543 55.557493 55.377002 55.653747 55.367371 55.829348 55.480981 55.356581 55.726665 55.455407 
55.444673 55.235016 55.586309 55.258146 55.575055 55.520283 55.419209 55.476419 55.559177 55.726670 55.244669 55.737654 55.805792 55.778102 55.423025 55.501566 55.579975 
55.584865 55.691973 55.702171 55.726670 55.303994 55.579975 55.406980 55.639866 55.827597 55.689523 
55.198033 55.639866 55.267380 55.726670 55.395004 55.542535 55.705620 55.698995 55.506829 55.292413 55.411659 55.477367 55.513888 55.411422 55.816166 55.805136 55.456993 
55.597207 55.598643 55.505908 55.381589 55.457494 55.614341 55.725716 55.595502 55.543393 55.499006 55.448987 55.496778 55.809798 55.627085 55.362367 55.285146 55.746622 
55.443111 55.603438 55.543393 55.350831 55.407005 55.276080 55.725716 55.695417 55.751120 55.629458 55.527732 
55.621794 55.729390 55.337483 55.417828 55.696507 55.428102 55.517605 55.602236 55.427538 55.540523 55.450489 55.341531 55.635019 55.550223 55.503229 55.697885 55.554858 55.658936 55.519216 55.410952 55.364038 55.505031 55.385824 55.680174 55.637314 55.511287 55.757347 55.780057 
55.590204 55.630921 55.516907 55.560786 55.696507 55.593563 55.784470 55.660559 55.660670 55.676808 55.701309 55.197672 55.686715 55.711565 55.553973 55.489865 55.606337 55.740195 55.648832 55.749612 55.289700 
55.747130 55.415128 55.690004 55.386101 55.696507 55.552691 55.286973 55.527986 55.372552 55.704316 55.308614 55.587846 55.737128 55.784288 55.375294 55.537826 55.376269 55.647400 55.576073 55.834053 55.600893 55.410998 55.783315 55.634407 55.437479 55.295426 
55.535321 55.647400 55.690004 55.436567 55.576073 
55.277704 55.647400 55.690004 55.550169 55.576073 55.363462 55.617474 55.462722 55.370594 55.488744 55.507036 55.538434 55.418730 55.553808 55.374958 55.424558 55.380187 
55.833804 55.647400 55.690004 55.538434 55.576073 55.766711 55.431534 55.699335 55.517605 55.354712 55.621503 55.755859 
55.374259 55.647400 55.690004 55.514298 55.576073 55.800299 55.777334 55.359481 55.529856 55.707448 55.459249 55.770147 55.496371 55.557697 55.494377 55.384495 55.715436 55.361074 55.601380 55.618481 
55.451998 55.647400 55.501332 55.714959 55.453545 55.561571 55.692974 55.581478 55.781850 55.520621 55.489388 55.372617 55.619889 55.614444 
55.483939 55.705376 55.651893 55.666943 55.741866 55.458678 55.529244 55.599091 55.586971 55.426259 55.339591 55.525513 55.415688 
55.351461 55.583929 55.396902 55.377086 55.564807 55.732460 55.675259 55.277976 55.735084 55.803467 
55.476818 55.774861 55.549640 55.510072 55.671311 55.722296 55.534374 55.245048 55.706591 55.684893 55.516186 55.584961 55.629449 55.698156 55.660286 55.804358 55.436667 55.707801 55.620974 55.482867 55.390895 55.678518 
55.783987 55.599323 55.635623 55.494936 55.593479 55.684893 55.431378 55.720509 55.821926 
55.769607 55.531672 55.486185 55.438015 55.599306 55.684893 55.420549 55.300323 55.499056 55.276121 55.432920 55.638060 55.278176 55.479676 55.762838 55.736143 55.557707 55.397326 55.499587 55.401346 55.704342 55.562170 55.592184 55.341666 55.387726 55.514640 55.464817 55.575251 55.312972 
55.809232 55.641590 55.315925 55.784740 55.414728 55.628283 55.777020 55.377058 55.803058 55.331861 55.632278 55.638060 55.715767 55.548149 55.801504 55.548533 55.773241 55.401677 55.836864 55.332414 55.340450 55.386424 55.548720 55.316837 55.325770 55.684358 55.437935 55.375479 
55.447173 55.641590 55.455072 55.472179 55.385355 55.542707 55.419812 55.676162 55.682372 55.656343 55.802568 55.638060 55.432673 55.737573 55.423443 55.463198 55.474875 55.518978 55.386360 55.522811 55.437309 55.780805 55.816950 55.493956 55.466141 55.748838 55.292075 55.293996 55.828485 
55.314147 55.641590 55.305057 55.764612 55.476549 55.740137 55.594475 55.505711 55.682372 55.290356 55.497330 55.638060 55.506813 55.606876 55.643059 55.418598 55.479847 55.634831 55.676345 55.289327 55.430465 55.657458 55.369134 55.284740 55.318718 55.445955 
55.568390 55.646472 55.607447 55.689981 55.260002 55.636080 55.594226 55.765344 55.682372 55.493813 55.511882 55.390840 55.541595 55.288750 55.563345 55.404174 55.319261 55.487257 55.298145 
55.270545 55.332724 55.639475 55.618107 55.751356 55.594970 
55.339200 55.529710 55.639475 55.339956 55.426819 55.575968 55.196265 55.437257 55.384775 
55.404107 55.598792 55.669192 55.821156 55.446629 55.775681 55.407096 55.536652 55.387336 55.637572 55.451694 55.490169 55.611946 55.446499 55.792566 55.441819 55.799248 55.676077 55.668359 55.187092 55.723346 
55.301038 55.671049 55.669192 55.768059 55.522236 55.767175 55.416264 55.489740 55.586720 55.637572 55.442102 55.530581 55.329843 55.357619 55.401501 55.629533 55.484950 
55.837691 55.787492 55.669192 55.553956 55.497317 55.343036 55.533427 55.456566 55.554601 55.637572 55.523008 55.751907 55.757110 55.607271 55.485557 
55.379345 55.733091 55.669192 55.411528 55.798030 55.462224 55.439589 55.339698 55.554601 55.637572 55.573883 55.588696 55.718627 55.469006 55.469653 55.445401 55.766350 55.535529 55.531687 55.764713 55.479453 55.619068 55.384676 55.357124 
55.445606 55.670403 55.443699 55.557033 55.581273 55.493176 55.487903 55.685441 55.673732 55.715349 55.538878 55.540403 55.724023 55.202471 55.722445 55.620320 55.792057 
55.509455 55.598628 55.700400 55.635005 55.685441 55.689505 55.586691 55.791775 55.420919 55.403078 55.619841 
55.776460 55.376934 55.407704 55.635005 55.685441 55.305173 55.553647 55.721199 55.492693 55.524093 55.688807 55.687563 55.846174 55.431052 55.549277 55.377614 55.307271 55.456285 55.776096 55.450424 55.682975 55.359326 55.575675 55.675156 55.472104 55.489085 55.343066 55.323370 55.450179 55.460898 
55.562809 55.339519 55.456865 55.635005 55.685441 55.320442 55.553647 55.721199 55.555651 55.656228 55.269318 55.673637 55.638959 55.731667 55.249977 55.656866 55.365583 55.332706 
55.635548 55.270031 55.345341 55.635005 55.685441 55.685256 55.378609 55.645926 55.592884 55.470650 55.566207 55.784168 
55.679531 55.327960 55.668013 55.620097 55.685441 55.306267 55.697167 55.381804 55.342869 55.544057 55.669780 55.562848 55.425727 55.282987 55.561012 55.664987 55.621118 55.303908 55.764235 55.287109 55.663959 55.832088 55.271715 55.426765 
55.765670 55.528870 55.544648 55.620097 55.627147 55.660925 55.298664 55.667894 55.813783 55.796867 55.344090 55.682926 55.811536 55.499818 55.336823 55.687093 55.645353 55.560542 55.574242 55.307141 55.463400 55.714408 55.678005 55.413688 55.612585 55.343696 55.425370 55.749976 55.765664 55.450068 55.743075 
55.312206 55.402717 55.604093 55.824539 55.335335 55.535355 55.631053 55.552188 55.748423 55.583922 55.554596 55.749912 55.769892 55.632410 55.846638 55.464404 55.470099 55.369844 55.491396 55.813361 55.677200 55.785889 55.517333 
55.800394 55.749912 55.278512 55.782718 55.514831 55.611882 55.477412 55.350639 55.730847 55.568632 55.565609 55.450669 55.367872 55.596007 55.314896 55.596387 55.417219 55.395760 
55.750345 55.488833 55.546197 55.758663 55.550861 55.461708 55.762973 55.767017 55.422387 55.646922 55.536497 55.398698 55.760148 55.539415 55.410921 55.306392 55.575152 55.746380 55.374073 55.413778 55.839499 
55.377370 55.399702 55.546197 55.637725 55.272132 55.565082 55.762973 55.299214 55.776082 55.501518 55.536497 55.433795 55.429569 55.401063 55.392779 55.375235 55.529460 55.404783 55.490938 55.554945 55.799064 55.451136 55.650620 55.554288 55.548281 
55.449653 55.527804 55.674983 55.684487 55.399303 55.470399 55.762973 55.439489 55.556643 55.615674 55.827845 55.263531 55.529827 55.524262 55.586791 55.784989 55.730127 
55.748028 55.527804 55.590341 55.658968 55.485468 55.609799 55.561081 55.630320 55.668140 55.777718 55.822060 55.559988 55.806916 55.780926 
55.590580 55.650628 55.732784 55.737692 55.451698 55.430659 55.793899 55.666711 55.317968 55.823808 55.501439 55.195455 55.587433 55.586209 55.748339 55.832295 55.642685 55.788957 
55.454541 55.781611 55.631669 55.607411 55.719140 55.614517 55.620683 55.626333 55.451378 55.373867 55.332892 55.408638 55.402610 55.717230 55.695010 55.759039 55.317559 55.329212 55.641095 55.670881 55.592063 55.737286 55.641466 55.515249 55.639762 55.296559 55.387829 55.690951 55.332966 55.464516 55.812135 
55.582701 55.395901 55.726941 55.778073 55.751069 55.614517 55.716288 55.688951 55.199263 55.642263 55.294296 55.775850 55.623273 55.442502 55.710025 55.356337 55.601320 55.465209 55.641095 55.501590 55.265465 55.667984 55.717543 55.501758 55.698321 55.362850 55.467487 55.436161 55.303544 55.627705 55.335202 55.614564 55.450295 55.402003 
55.519477 55.438362 55.439267 55.367242 55.754310 55.554243 55.302685 55.454563 55.624401 55.589962 55.436576 55.700155 55.560757 55.630869 55.346372 55.474300 55.570606 55.620533 55.727851 55.779147 55.604899 55.651623 
55.585358 55.703429 55.784196 55.419270 55.572288 55.451715 55.518756 55.427791 55.509223 55.701219 55.549292 55.453698 55.622289 55.669154 55.499273 55.823733 55.287565 
55.476658 55.285508 55.649682 55.482903 55.708707 55.737138 55.605551 55.306046 55.732832 55.695428 55.615125 55.553132 55.765031 55.458612 55.468916 55.421430 55.467011 
