  46.657071 3974.561101
  86.070985 3980.113886
  76.381382 3977.772476
  60.955378 3977.180400
  44.525313 3974.592931
  44.725377 3977.050722
  77.007028 3978.791361
  69.398256 3983.235948
  57.668113 3986.500422
  91.795898 3974.083647
  80.368553 3977.760932
  65.767864 3986.970714
  58.500335 3987.011176
  67.361912 3990.109069
  50.860029 3980.704830
 105.549768 3974.922156
  95.993581 3991.151600
  79.418944 3991.518670
  52.186553 3994.286063
  79.749672 3988.642895
  67.204488 3999.041579
  50.084214 4000.375962
  55.531142 3979.480945
  49.018027 3998.370405
  26.245386 3996.564640
  67.020738 3980.457790
  72.871576 3997.775025
  38.275361 3988.275631
  55.321177 3988.037596
  59.414957 3993.016410
  48.218518 3991.569278
  69.209074 3980.251140
  65.012076 3975.494513
  49.145173 3978.427158
  52.127275 3999.402418
  44.666130 3990.024305
  89.927806 3993.952497
 108.337862 3990.506420
  58.767811 3987.073731
  85.277650 3980.114591
  43.049263 3984.258872
  88.231058 3968.288129
 121.040503 3985.819085
  48.173468 3979.324792
  78.806839 3981.438946
  87.026674 3992.935695
  76.606125 3992.667135
  33.295600 3997.685842
  49.246232 3979.232578
  66.590515 3987.236653
  76.373234 3981.641666
  49.704985 3975.723441
  71.487186 3980.210523
  60.002086 3980.875606
  68.616825 3980.460514
  55.711399 3978.642158
  66.693603 3982.754243
  78.333741 3987.700757
  50.210299 3986.566280
  68.322989 3989.447218
  52.897557 3971.219529
  53.269218 3979.271962
  75.869491 3981.901503
  45.106828 3983.022655
 112.043672 3990.591269
  60.259330 3990.108971
  78.101631 3980.767055
  59.299696 3989.598070
  68.686803 3988.000906
 101.645337 3991.109077
  62.965964 3971.915814
  50.785926 3975.217976
  55.704782 3961.199437
  34.643266 3979.254431
  57.969814 3982.656642
  32.750260 3969.786154
  62.819737 3965.327358
  84.866959 3975.421560
  50.241895 3958.930082
  48.746153 3980.352934
  50.802343 3979.206025
  17.939114 3980.676482
  33.375039 3991.041810
  32.048996 3989.729647
  54.778767 4000.176767
  68.699916 3993.392436
  53.217939 3997.681668
  62.574200 4003.036740
  75.624060 3989.511049
  19.680586 3987.072783
  55.868249 3992.081587
  35.359145 3988.086769
  50.602523 3991.129112
  32.991386 3996.305916
  26.751280 3980.404587
  29.568401 3981.331502
  49.964039 3992.188153
  58.644162 3997.845476
  98.516945 3985.095477
  86.087682 4000.940934
  45.055699 3993.125571
  95.557268 4001.395783
  67.181628 3974.953769
  57.929520 3988.419799
  50.448792 3984.887942
  78.020841 3995.080626
  74.894800 3992.575580
  98.305428 3976.020285
  70.956024 3984.431837
  81.843795 3972.538248
  58.631519 3982.596592
  51.077071 3985.982482
  42.891361 3991.981867
  55.768405 3987.781554
  33.112274 3986.790173
  57.960745 3981.906893
 109.097727 3994.165788
  68.873396 3987.519045
  55.695086 3995.416969
  47.348241 3981.314523
  42.078940 3979.079829
  55.551868 3988.663069
  27.305896 3998.223518
  15.754992 3993.256008
  26.520470 3980.288914
  53.737242 3988.619199
  58.764073 3989.054188
  43.904167 3982.855997
  80.918668 3990.050940
 100.474567 3985.011671
  30.659939 3990.869481
  47.655687 3991.851907
  64.265576 3991.777016
  43.367154 3984.297480
  60.597002 3976.697814
  47.141710 4000.119312
  87.230454 3985.813760
  38.183113 3994.365028
  36.006263 3999.856316
  35.188893 3985.369458
  47.303479 3992.708083
  53.624373 3995.918057
  42.703421 4003.650390
  63.316277 3986.550437
  88.979102 3979.186286
  77.125973 3995.781478
  64.209862 3985.960069
  46.107768 3979.445889
  30.117198 3963.135594
  47.892541 3971.996186
  45.569041 3986.253436
  64.256578 3973.294155
  61.234870 3989.905710
  52.984485 4002.003920
  39.622762 3980.171274
  42.625264 3982.342793
  52.255686 3998.674321
  35.493539 3978.230171
  35.792273 3987.533741
  53.057635 3985.695801
  21.657287 3994.627569
  71.165489 3978.789926
  54.466357 3983.106780
  41.287226 3989.450770
  44.275261 3998.912111
  85.116092 3982.382850
  95.062453 3968.230373
  87.009188 3983.508256
  65.841334 3992.633700
  48.602656 3980.850084
  78.614270 3986.139468
  78.180776 3977.370258
  89.060294 4004.654323
  57.999030 3980.394712
  67.552719 3996.443024
  66.359419 3988.843558
  41.404621 3994.087112
  50.366508 3983.857740
  65.415694 3981.437166
  57.350284 3978.842915
  35.434929 3989.725506
  77.112850 3988.523942
  65.820912 3981.332660
 118.155792 4001.406398
  49.937318 3988.105570
  43.910474 3992.906361
  81.573551 3978.498488
  83.279595 3983.646115
  41.059335 4002.467074
  38.190143 4007.034480
  42.583807 3984.910575
  32.032817 3994.229651
  55.579451 3998.185372
  40.650457 3997.803685
  46.618201 3978.675091
  19.765726 3994.097070
  52.450203 3996.442127
  59.194997 3984.379309
  65.446851 3998.222824
  33.291090 3979.219057
  44.129927 3990.593458
  36.409494 3986.403911
  33.912567 3990.997909
  36.152600 3979.436124
  53.800664 3971.499308
  64.186594 3994.849956
  47.706712 3981.783311
  35.414423 3979.132275
  40.226351 3985.108020
  56.643692 3985.640930
  47.815485 3979.872709
  51.309172 3977.447817
  65.379078 3989.771886
  96.113894 3998.993178
  63.801140 3972.974016
  50.647709 3977.888792
  56.657839 3979.776393
  44.710775 3994.084570
  33.932196 3990.505874
  69.027054 3991.039302
  27.551130 3988.452883
  50.656197 3990.700420
  77.783820 3979.377647
  35.453554 3966.478649
  52.874006 3964.294438
  83.579264 3979.859445
  74.974160 3980.270603
  49.552185 3991.741287
  79.512985 3996.392284
  60.898275 3990.338192
  56.884513 3991.384449
  59.647636 4003.440704
  54.054217 3987.865343
  57.352127 3989.041963
  71.143321 3985.543850
  54.043485 3994.706079
  73.812964 3976.657230
  60.702033 3962.132135
  33.371942 3970.429574
  39.648610 3978.096459
  67.364366 3991.829006
  45.976230 3996.039245
  70.216781 3990.610615
  66.015468 3980.145470
  39.322685 3991.300003
  71.449686 3981.169911
  73.188712 3979.676260
  94.359323 3987.669856
  89.092781 3978.876469
  64.747087 3978.666067
  38.808601 3969.642359
  66.694752 3978.758023
  47.205544 3974.606687
  44.575900 3988.374846
  22.496726 3989.220245
  47.609403 3985.854091
  46.687658 3982.234220
  82.780167 3984.891707
  74.877197 3994.447414
  67.764904 3989.244503
  51.502348 3985.194542
  53.057029 3983.623266
  56.905412 3980.264026
  63.888868 3980.629752
  57.450842 3995.359249
  64.605968 3984.126717
  52.392987 3986.748635
  42.969016 3976.457610
  53.194157 3992.623236
  90.432228 3972.353579
  71.929779 3998.139010
  85.941992 3990.808518
  80.026440 3998.585929
  79.654387 3997.521213
  58.083908 3988.393125
  44.900369 3986.588987
  54.385885 3981.319184
  38.743237 3974.574665
  81.453999 3989.399398
  58.526569 3981.854617
  55.312145 3975.761308
  45.870550 3983.077755
  74.657888 3994.551580
  66.760765 3987.640705
  52.585888 3991.502303
  60.693055 3989.879641
  46.265919 3977.645108
  69.366517 3995.072688
  55.639363 3988.177088
  35.209688 3988.650381
  64.397076 3995.662516
  47.568391 3988.644486
  76.189126 3994.313856
  66.239697 3988.793190
  38.529381 3994.609033
  83.158988 3971.283758
  71.193178 3982.785293
  60.670615 3988.588821
  72.245291 3995.854823
  76.695660 3985.412081
  74.514232 3980.188955
  66.028127 3983.129764
  30.327577 3988.171577
  66.075959 3970.211802
  40.556223 3993.691603
  63.654023 3989.726318
  50.787001 3998.828522
  67.066318 3999.744702
  41.540695 3978.905966
  47.110113 3988.440011
  45.866398 3996.209820
  41.610653 3986.336390
  52.575098 3979.779803
  67.811802 3977.506286
  64.181239 3991.371689
  44.261891 3987.530490
  50.396828 3992.080577
  62.530659 3987.927390
  57.227625 3989.294613
  89.195408 3973.879273
  43.885497 3993.392078
  34.121971 3996.800188
  94.305277 3999.634918
  41.290339 3988.196829
  26.029790 3987.468502
  77.069238 3980.481337
  82.299815 3979.657496
  62.538959 3993.286548
  46.155129 3992.082749
  80.423983 3992.132969
  35.119225 3990.282892
  37.911381 3975.439041
  49.659594 3979.050813
  58.123086 3986.782196
  32.668312 3978.929441
  57.533768 3977.804084
  43.125005 3971.425910
  69.041612 3983.541179
  66.302995 3975.871843
  55.131722 3981.207077
  33.827450 3975.418268
  20.974697 4000.238271
  54.197880 3988.704083
  19.919737 3983.739979
  32.512637 3978.917137
  54.382275 3988.683800
  50.582882 3979.644171
  42.988410 3977.688272
  40.484407 3990.475473
  51.299309 3981.544799
  22.533381 3991.693131
  60.294703 3991.605931
  49.561922 3994.688618
  51.144149 3978.834698
  30.982135 3999.076078
  52.734201 3986.601072
  59.271731 3962.063271
  42.512635 3979.993766
  73.992756 3989.152273
  52.292197 3993.036565
  64.593433 3999.654255
  21.761487 3983.043824
  49.892846 3989.922729
  38.694049 3992.634487
  53.733203 3990.753281
  46.869920 3975.934852
  42.918613 3991.691144
  37.621439 3981.645593
  65.620377 3979.024441
  13.694587 3997.130456
  67.671407 3980.313541
  74.990323 3987.040676
  76.600322 3991.198523
  62.757459 3982.366149
  56.573049 3989.105976
  17.673295 3982.180315
  32.839490 3971.704532
  56.152421 3982.009548
  38.267591 4000.100683
  57.339934 3990.275719
  59.400842 3985.486783
  37.988309 3969.488998
  22.414543 3999.798287
  73.100679 3985.901570
  49.289218 4009.016575
  36.257376 4010.305618
  56.600187 3999.734579
  82.545748 3998.640552
  55.472395 3978.868497
  43.855444 3973.774525
  67.484865 3974.125989
  71.965901 3988.054798
  55.358242 3990.968913
  44.646651 3988.828939
  52.301966 3978.591820
  77.940376 3995.785317
  76.496245 3988.227887
  64.629383 3980.654269
  49.636823 3983.757500
  47.863506 3987.729544
