1.209778 1.118659 0.857158 1.216649 1.005893 0.866911 1.139751 1.099431 1.028756 0.805515 0.918380 1.067313 1.252149 1.235345 0.880899 1.247838 1.191278 0.872045 
0.850419 1.134025 1.100537 1.080286 0.876499 0.890907 1.019418 1.228588 0.974161 0.800111 0.983015 0.945234 1.046783 1.050412 1.069592 1.236486 0.927438 1.094547 0.803234 1.098485 1.134720 0.813794 1.157226 0.875525 0.853173 1.167049 0.959389 1.123775 0.972991 1.015438 0.948646 1.102270 
1.022807 1.058655 1.185683 0.983587 0.827983 1.023522 0.794921 1.146639 1.017213 0.798164 1.018766 0.883330 1.243853 1.112028 1.006055 1.091359 1.079374 0.914067 1.046005 1.219093 1.073733 0.846199 0.862311 0.839922 1.221401 
1.062249 1.096881 1.086038 0.978421 0.911131 1.233149 0.839288 1.031740 0.848796 1.208179 0.846583 1.192330 1.038224 0.940159 1.175437 1.171437 0.866301 0.916824 
1.196104 1.220434 1.214230 0.854454 0.942241 1.063434 0.852937 0.962874 0.978882 0.970967 0.836247 1.110480 0.885362 0.939888 0.955635 
1.174914 0.863644 1.143508 0.928703 1.179662 1.089773 1.185600 1.041024 0.954018 0.980395 1.254274 1.001673 
1.151599 1.228902 0.969971 1.015976 0.907883 0.893318 0.829778 1.034040 1.103703 1.174383 1.113277 0.806762 1.030492 1.032435 1.069318 1.228785 1.142077 1.117535 0.801163 1.080027 1.020979 1.209791 0.866427 
0.997437 1.010153 1.100836 1.046643 1.060732 0.810079 0.898392 0.869811 0.797094 1.075430 0.826679 0.801977 0.880964 0.855821 0.939214 1.214307 1.069274 1.080044 0.823805 1.013837 1.226577 0.978099 0.985461 
0.997952 1.197589 0.938375 1.058798 1.055824 0.961425 1.163961 0.910087 0.843368 1.249374 1.031665 1.115589 0.833468 1.044202 0.967772 0.906050 1.139208 1.035741 1.025391 0.856789 
0.795851 1.065340 1.075215 0.977568 0.925720 0.918192 0.863323 1.118216 1.252331 0.952189 0.978306 1.249588 0.971259 1.208795 1.109571 0.936610 1.089796 0.902647 0.920877 1.223294 1.202780 0.920534 1.067458 0.965569 1.140088 0.803550 1.128843 0.845962 0.966558 0.896120 1.165568 1.119386 
1.048093 1.221839 0.848093 0.834888 1.163355 1.101680 0.863323 0.895050 1.066695 0.856767 1.250478 1.014715 0.962997 1.052465 1.183073 1.100585 0.965652 0.846432 0.947002 1.045137 1.042263 1.160301 1.070160 1.171349 1.073113 1.054816 1.064719 
0.934624 1.038223 1.058007 1.102117 1.032206 0.802858 1.122040 0.846414 0.803640 1.166327 1.190916 1.026451 0.927448 1.175052 1.151090 1.131857 0.819288 1.203045 1.198794 1.005163 1.121558 0.873661 1.033524 0.825852 0.853975 1.134974 0.925510 
1.097426 1.169305 1.151796 1.075385 1.117206 0.852827 0.898919 1.153139 1.080389 1.231917 1.086460 0.836108 0.803097 1.176575 0.956752 0.978204 1.165401 0.965745 
1.076319 0.876719 1.142637 0.967609 0.889390 1.043889 1.049246 0.882963 1.068614 0.906493 0.832315 0.976957 0.912992 0.808221 1.195784 1.045118 1.173354 1.072213 0.971718 1.068972 0.996725 1.166264 0.924269 0.860544 1.245909 
0.830931 1.153562 1.130184 1.162428 0.942073 0.974798 0.794544 1.058707 1.068497 1.008063 1.250945 1.005441 1.096662 0.877390 1.094665 1.025750 1.138729 0.862632 
0.851590 1.175411 1.173488 1.166375 1.243269 0.956986 0.912269 1.204684 0.915298 1.059576 0.919519 1.103149 1.029076 0.863779 0.911462 1.030282 1.220619 0.892473 1.122024 1.091690 1.135925 0.952672 0.985584 1.001703 1.152377 1.095784 0.981812 1.107696 0.865459 1.107785 0.824098 1.115548 0.796480 1.021537 1.053260 1.225132 1.138596 0.957033 1.215933 0.867265 
1.001071 1.110458 0.933939 1.072197 0.982257 1.158762 0.806290 1.149139 1.207630 1.140654 0.897676 0.830809 1.133955 1.254106 1.143729 1.189938 1.227273 0.796396 1.090546 0.968686 1.000194 1.119862 0.881492 0.809591 1.099263 1.148837 0.960837 1.056006 0.914422 0.893284 1.003880 1.071166 0.927992 0.811596 1.111033 0.949354 1.037915 0.882671 1.205374 0.991887 0.937768 0.974028 0.949315 1.222467 
0.983596 0.851522 1.149107 0.998818 1.014590 0.822190 0.995074 1.191625 1.020818 1.038443 0.975672 0.847707 1.154674 1.061398 1.093361 0.915177 0.913395 0.796902 1.161370 0.808761 0.862165 1.124902 1.112922 1.077502 1.124891 0.968866 1.075906 0.922798 1.022930 1.097571 1.084723 0.968943 
1.129747 0.838890 1.164262 1.030997 1.149019 0.888081 1.125726 0.827494 1.073740 0.922942 0.983973 1.058182 1.149744 1.210159 0.800498 0.976332 0.992750 0.843535 1.107911 0.905453 
1.221472 0.862904 1.152953 1.017539 0.919904 0.824893 1.102850 0.850044 0.879395 1.118242 1.200104 1.129038 1.067003 0.993352 1.029046 1.174011 0.865964 1.201116 0.995976 0.998172 0.950818 0.852789 0.846214 0.840085 0.915796 1.075252 1.192628 1.074872 
0.952811 1.127272 1.178664 1.137757 0.812956 0.809721 1.109462 1.029527 0.917158 0.972021 1.094036 0.878138 0.902635 0.927914 1.169549 1.220160 1.177328 0.946614 1.030451 1.123375 1.174898 1.196495 0.902752 0.860700 1.172496 1.082451 0.910051 0.935643 1.030238 
0.972329 1.102102 1.020893 1.092893 0.896620 0.988512 0.795331 0.950740 1.005259 0.883587 1.077069 0.819134 1.209433 1.139693 1.211157 0.999646 1.243966 
0.856631 1.046882 0.796129 1.234762 0.961420 1.147617 1.113047 0.879389 1.090815 0.979298 1.150892 1.104858 1.100304 0.940195 1.032359 
0.935888 0.829900 1.163992 1.034705 1.195240 0.882135 0.877009 0.850847 1.016708 1.024042 0.980610 0.972960 1.187382 1.224283 1.118042 
0.804381 1.140992 1.117833 1.038230 1.198436 0.907900 1.031605 
0.852245 0.830249 1.165595 1.010000 0.965295 0.911018 1.148142 1.138281 1.003719 1.132195 0.951227 1.145666 1.109160 1.245683 1.189977 1.186715 0.897814 1.137823 0.914439 0.927656 0.952953 0.927933 0.882199 0.853246 
0.830930 1.084644 0.830590 1.046427 0.801763 0.978843 1.130438 0.905300 1.132227 0.989974 1.200213 1.149464 1.219170 1.049223 0.826279 1.069449 0.940277 0.957705 1.117700 1.011874 0.961579 1.194921 0.812824 1.014751 0.987722 1.132586 
1.007689 1.257069 1.122441 1.198003 0.899992 1.164346 1.220169 1.231674 
1.006825 0.922666 1.044457 1.058413 0.894003 1.135320 1.128844 1.107626 1.044596 1.134243 0.965237 1.137126 1.022286 1.110964 1.139664 1.242653 
0.800121 1.152775 1.231032 0.820884 0.999716 0.887021 1.225387 1.126005 1.036578 0.920449 1.208281 0.838794 0.892105 1.223104 0.934661 1.168892 0.979099 0.900330 0.897802 
0.889638 1.092580 0.951540 0.873776 0.829280 0.952808 0.927591 1.134046 0.839033 0.915637 1.177605 0.952270 1.078634 
1.064931 0.800755 1.037754 0.833264 0.829555 0.933355 0.798539 1.047122 0.906766 0.982932 0.865949 1.127893 0.904499 1.019314 0.821176 1.033364 1.044754 1.030729 1.024807 1.107590 0.861576 1.214355 1.081545 
0.810661 0.821934 0.855384 0.982802 0.913599 0.812285 1.120527 1.025018 1.242540 1.201883 1.191329 1.130986 1.076641 1.142383 1.097951 1.191774 1.080302 1.071248 0.933992 1.140057 1.001340 0.932808 
0.818996 1.038075 1.005940 1.052318 0.940832 0.916626 1.216267 1.138702 1.033147 0.903659 0.834901 1.072690 1.063690 1.193494 1.156820 0.837230 
0.878471 0.930064 1.023862 1.162127 1.189094 1.016022 1.183763 1.255039 1.017825 0.902501 0.832611 0.897738 1.210040 1.160328 1.202718 1.030824 0.998048 1.175847 1.103156 1.228813 0.924253 
1.005946 0.862099 1.167413 1.145552 1.042753 0.849667 0.953435 1.250617 0.952601 1.016904 1.162405 0.928433 1.213267 1.204985 
0.867263 0.810368 0.968434 0.796453 0.914349 1.132376 1.003604 0.831187 0.888661 0.907177 0.824795 1.052713 0.826450 0.856945 1.132194 1.100292 0.884007 1.019143 0.869996 0.907153 0.965637 1.001705 1.094317 0.878233 1.011442 1.161290 1.091464 1.155028 0.927913 1.205648 1.005324 
0.954002 0.809964 0.937106 0.800235 0.981365 1.006084 1.113165 1.005665 1.055904 0.905623 1.111193 1.201512 0.969695 1.169051 1.008752 0.855749 1.014417 0.959318 1.134792 0.952616 0.999752 1.209519 1.167812 0.869903 0.953409 1.002001 1.045275 0.927294 1.129483 1.072380 0.954267 1.102061 1.123534 0.838851 0.937628 1.028508 1.102367 1.147464 1.181565 0.935893 1.064870 0.982969 0.896739 1.003635 0.818397 1.159167 
1.234885 1.108226 0.844622 1.114551 0.972843 1.240382 1.228985 1.165557 1.069984 0.858154 1.002239 0.841128 0.958614 0.996156 0.993265 1.133991 1.103815 1.091210 0.853611 1.246800 1.119775 1.195490 0.903445 1.242804 
0.945997 0.928027 0.966888 1.150844 1.097514 0.811594 0.855519 0.872565 1.107441 1.141055 0.962519 1.143867 1.165752 1.022820 0.867376 1.160958 0.832893 1.017327 1.101526 0.982450 0.824293 0.843820 1.156264 0.993443 1.094363 0.808932 0.852917 1.071643 
0.819352 1.006514 0.847810 1.155069 0.857202 0.831190 1.131704 0.818553 1.163842 1.003996 0.878008 0.954870 0.944320 0.925746 
1.210309 1.045837 0.798804 1.026618 1.173011 1.209598 0.806871 1.152542 1.073047 1.186990 0.857169 0.801495 0.874818 1.040087 1.144967 1.165483 0.905225 0.994022 1.177848 1.125272 1.084953 0.988287 1.052157 1.087064 1.021242 0.968903 1.040878 1.016030 0.842722 0.986689 0.887294 0.805026 
0.967758 1.161556 1.009897 1.026532 0.810625 0.824443 0.890625 0.958509 1.148885 0.936580 1.030327 0.976894 0.988278 1.142582 0.883876 0.844223 1.144061 0.886357 0.957158 0.991612 0.984561 1.147914 1.027269 0.803363 0.942704 1.195001 0.882038 0.794736 0.943259 1.061296 0.845335 1.122156 1.126788 1.176159 1.091182 1.015020 1.143526 1.078051 0.823822 0.896881 0.964830 1.105986 0.929045 1.102641 1.228188 1.044767 0.880825 1.098993 0.809981 1.228321 
1.058469 0.810401 0.802691 1.065879 1.022137 0.867264 0.964947 0.976649 1.151992 1.008005 1.122856 1.205866 0.844223 0.849474 1.169851 0.873339 0.821933 1.109859 
1.136270 0.959250 0.925147 1.002355 0.799433 1.043513 1.130504 0.879081 0.933594 0.822867 1.251809 1.085936 1.106466 0.868528 0.983356 0.884887 0.966467 0.883459 0.999400 1.211167 0.852291 1.098974 1.035016 0.965872 0.857235 1.013349 0.952039 
1.160013 0.799528 1.024911 0.961929 0.829217 1.116307 1.037349 1.142053 1.181228 0.905244 1.062201 1.148472 1.008791 1.106249 0.820925 1.136075 0.995410 0.964303 0.917786 1.060634 0.990074 1.217103 0.942779 1.174965 0.824432 1.075062 1.023526 1.254171 0.868206 1.123868 1.058609 0.890628 0.994304 0.864757 
1.047180 1.121169 0.825286 1.090049 0.795171 1.002325 0.959215 1.108313 0.906991 1.257386 1.027169 1.139966 1.199593 1.092822 1.143459 1.016954 1.013848 1.139266 0.848396 0.991771 1.034546 1.239324 0.834364 1.242429 0.963712 1.163352 1.120132 1.098461 0.923899 1.088747 1.183742 1.108920 
1.183993 1.211810 1.192280 1.191162 0.809657 0.872679 1.105637 0.961904 1.238959 1.097366 1.199845 0.977919 
1.249165 0.879434 1.009190 1.114177 0.817794 0.837501 1.192203 0.945941 1.090200 1.114205 0.861854 1.038341 1.191602 0.928698 1.039472 1.016230 1.108499 0.907670 
0.958804 1.000656 1.105495 1.011675 0.817794 0.853519 1.074714 1.000018 0.812348 1.109180 1.073451 0.860752 0.941297 0.843317 0.816357 0.991712 1.082164 0.868731 0.988536 0.987432 1.200316 1.060821 
1.031575 0.948456 1.125691 1.000944 0.799072 1.052755 1.139416 1.036068 0.987170 1.194849 1.093188 1.007983 0.890227 1.125810 0.928451 0.874022 1.062088 0.877808 1.035807 1.196470 1.081441 1.144234 1.046360 0.998853 1.072000 0.900925 1.121054 0.937765 1.063752 
1.121761 1.226780 1.089134 1.236143 0.799072 0.918162 0.985326 0.931937 0.842850 0.980204 0.957390 0.889299 1.058652 1.153342 0.826154 0.922573 1.178242 0.836147 0.837579 
1.040034 0.984333 0.983668 1.156269 0.817457 1.234001 0.861462 0.977626 1.171946 1.181461 1.087247 1.021027 0.850506 0.893608 0.878129 0.881865 0.950531 0.971671 1.083262 1.187124 1.150038 1.114829 0.803371 1.211340 0.833218 1.073359 0.997831 0.866564 0.933176 
1.075682 0.848491 0.980466 1.161798 0.810355 0.977418 1.016423 0.804396 1.183713 0.875014 0.939112 1.136262 1.106921 1.051950 0.999960 1.116524 1.061788 1.016839 1.214869 1.195344 
1.053589 1.039767 1.019955 1.212624 0.817086 1.240881 0.870525 0.853969 0.812946 1.226813 0.941434 1.230037 0.806379 1.119746 1.201600 0.937797 0.923894 1.061531 0.893790 1.162618 1.175379 1.074804 1.238413 1.002186 
1.071145 0.808889 0.951628 1.053890 0.988348 1.250520 1.045210 0.839254 0.978308 1.192950 0.936601 1.135244 0.985828 1.125220 1.036946 1.186426 0.975997 0.836646 0.963014 
1.256072 0.866977 0.855270 1.136511 0.999629 0.807737 1.146649 0.833866 0.902399 0.961943 1.181276 1.091631 0.907159 1.153358 1.154512 0.810899 0.995809 0.981823 1.152624 1.027580 0.970021 0.841361 
1.019989 0.818194 1.187698 1.058527 0.985554 1.243411 1.013218 0.815686 1.152663 1.208466 1.202867 0.926004 0.944088 1.019916 1.169368 1.001084 0.975325 1.052477 1.235528 1.065353 0.982282 0.852136 1.061564 0.977543 0.842958 1.232628 0.833087 0.817121 0.923383 0.893235 
1.162559 1.037643 0.806625 1.145474 0.811988 0.840757 1.049073 0.826508 1.198529 0.825286 1.094027 0.977156 1.112119 0.974412 1.027003 0.846642 0.901521 1.127297 
0.945994 1.149003 1.033444 1.020336 0.808506 1.206064 0.849100 0.864637 0.968094 1.238989 1.192175 1.121373 1.161665 0.946825 1.139142 0.832718 1.152460 0.908807 0.875078 0.967909 0.819916 0.888960 1.121924 0.923463 1.246165 1.168399 0.823516 1.084724 
1.065197 0.920461 0.813558 0.854278 0.967908 1.151420 1.012935 1.154303 1.069345 0.939782 1.183743 0.817985 1.050607 
1.215306 1.137594 0.994495 0.919288 1.246999 1.190524 0.814521 0.943470 0.907869 1.120859 1.176413 0.987857 1.204290 0.884063 1.011162 
1.144493 1.200912 0.930450 1.168392 1.116173 0.946191 1.088560 0.943470 0.931853 1.008682 1.175800 0.806087 0.870824 0.894948 1.014815 1.144961 0.988916 0.909423 1.009818 1.124270 1.024191 0.851929 1.097702 0.983041 
0.909969 1.147467 1.039553 0.803996 1.158342 1.154151 1.081659 0.919588 1.060445 1.196903 0.893323 0.849030 
1.049387 0.906415 1.215157 0.830446 1.210144 1.174593 1.018321 0.897502 0.896994 1.118006 0.954348 1.206490 0.797820 1.003274 0.979201 0.988217 1.083401 1.140111 0.950382 1.172251 0.997319 1.043918 1.173206 1.033837 1.021488 0.876405 1.069571 0.910021 1.064254 0.794532 1.094835 0.931541 0.863512 1.129009 0.854731 1.195990 1.121268 0.969339 0.932622 1.191729 0.946955 0.956464 0.869205 0.905536 
1.254460 0.862285 1.152704 0.888504 0.955728 0.858079 0.829305 1.134875 1.097646 1.210542 0.928383 0.888712 0.884141 1.101755 1.133743 0.997541 1.088464 1.044871 1.162015 
1.214294 1.181859 1.129352 0.820434 1.190226 1.004260 0.813016 0.915083 1.086839 0.985070 0.894055 0.804539 0.830501 1.086662 0.827337 1.188997 1.030141 1.081522 1.106562 0.913865 0.797145 1.138221 1.111209 0.938355 0.935715 1.207108 0.858045 1.173429 0.843071 
1.189100 1.117771 1.146791 0.901120 1.208327 0.867938 0.891915 0.922903 1.155727 0.890460 1.165750 1.144127 0.987500 1.226525 1.161924 1.228389 1.058817 0.846405 
1.091409 1.137816 1.254532 1.185167 0.796012 1.156669 0.861434 1.055575 1.098203 0.863686 0.915912 1.142120 1.214753 0.935830 1.075264 0.999752 0.989036 1.134112 1.084871 1.010707 0.928374 1.189071 0.965402 
1.082445 0.883803 0.818732 0.877208 0.887260 1.089823 0.853677 1.024605 1.072099 1.071260 0.985704 1.182003 1.065908 1.178109 1.200019 1.123563 1.045867 1.161275 0.810281 1.016555 1.091492 0.865043 1.167490 1.146857 0.876626 1.078556 0.824428 0.970279 1.033893 0.945065 1.254675 0.939045 0.932032 1.075148 1.123362 0.827078 1.117462 1.148969 0.970585 1.151680 0.811811 
0.930785 0.831189 1.047857 0.921916 0.984882 1.055500 1.160835 1.101479 1.104214 1.036829 1.031806 0.917734 1.228752 1.086596 0.828801 1.031475 1.002087 0.864989 1.021653 0.845014 
0.854307 1.170579 1.042873 0.971888 1.213435 1.122751 0.896604 1.194277 0.914601 0.875045 1.035069 0.894850 1.035861 1.184705 
0.848970 0.840393 1.179730 0.912086 0.948170 1.008301 0.884074 1.151212 0.877924 1.175274 1.077115 0.948134 1.209236 1.216482 1.098443 1.047547 1.163065 1.007018 1.031313 
1.204291 0.845532 1.145853 1.244480 0.994112 0.813652 1.097147 0.994501 
1.035193 0.891298 0.935926 1.125429 0.880391 1.205946 1.022804 1.182449 1.146585 1.198769 1.129164 1.098219 0.900495 0.868203 1.078590 0.848247 1.247414 0.984338 1.176480 0.897830 0.989674 0.829985 
0.979798 1.016368 1.244430 0.892819 1.241617 1.068105 1.063981 0.987672 
1.196543 0.907543 0.922726 0.801342 1.145324 0.965183 1.078518 0.831119 1.009236 1.104122 1.145413 1.018934 0.844488 0.984080 0.805959 
1.036957 0.838061 1.011346 1.106849 1.034842 0.954133 1.027706 0.858216 1.247074 1.076230 1.207053 0.879428 0.862996 1.247219 0.820040 1.033915 1.038819 0.878094 0.959703 0.920672 1.254783 0.905770 1.043627 1.199901 0.940936 1.026167 1.125571 0.907794 0.808867 1.093550 1.065678 0.893374 
1.122466 0.992358 0.970804 0.887412 0.952003 1.140284 0.957742 1.036334 1.006363 1.087371 0.846379 1.154352 0.831256 1.108900 0.878162 0.850219 0.907888 
1.108835 0.977020 1.007175 0.874399 0.813836 0.810423 1.008646 1.143913 1.170415 1.056002 0.995509 0.973526 1.083239 1.006039 
0.799171 0.969460 1.023815 1.151594 0.838480 0.866963 1.053308 1.078528 1.175652 1.257680 1.068062 1.030746 1.034316 1.067423 1.099380 1.155871 1.024523 0.944783 
0.830223 1.166711 1.134171 0.924633 1.099361 1.042964 
1.171030 1.077502 1.054529 0.932767 1.143468 1.119861 1.026870 0.867334 1.237061 1.233416 1.200836 1.015384 
1.216969 0.906634 1.213524 1.016186 0.871868 1.183950 1.062787 1.046607 0.990733 1.147487 
1.026218 0.827741 0.884867 1.179096 0.797061 1.013051 0.996208 1.220679 1.129432 0.988466 1.011859 0.948621 0.859747 1.062163 1.102913 0.838466 0.886508 1.207965 0.807039 1.174362 
1.177416 0.853798 1.207595 0.933594 1.056265 0.850890 0.998642 1.248709 0.993898 1.087685 0.940989 1.092547 0.818452 0.962409 0.910890 1.197965 1.192903 1.012347 1.210746 0.922339 0.910080 1.162494 1.138496 1.040995 0.968175 0.990123 
0.868185 1.052377 1.042010 1.062180 1.222237 0.954886 1.127948 1.216020 1.121044 1.125053 1.046352 0.816781 1.066213 0.818668 0.868186 0.896484 0.995264 0.985694 0.885630 1.057580 0.885945 
1.121607 0.872930 0.989643 1.147899 1.017322 0.833288 1.081505 0.974668 1.035770 0.875468 1.024133 0.859619 1.017852 1.010824 1.007050 1.043317 0.930310 1.078812 0.908234 1.179110 1.000157 0.819671 1.192993 1.227498 1.202636 
0.952316 1.154365 0.891278 1.082583 1.001490 0.851827 1.208616 1.010225 1.103715 0.814096 1.161210 0.912966 1.088816 0.892715 1.157798 1.090137 0.853953 0.862038 0.859409 0.821829 0.972701 0.994406 1.192432 1.060125 0.904100 0.884150 1.067300 1.054065 
1.117860 1.046770 0.817818 0.964832 
0.886794 1.184703 0.857097 1.204393 0.997776 0.830978 0.982851 0.807278 1.062256 0.948567 0.979767 1.205834 1.194506 1.002237 1.116715 1.022121 1.039965 1.182951 1.051332 0.912316 
1.137292 1.157654 0.889034 0.898003 0.841639 1.067062 1.109242 0.982429 0.795879 1.122693 1.009166 
1.074179 0.947604 0.858693 0.839178 0.939771 1.080279 0.990398 0.839948 0.972839 1.040865 0.896607 1.087745 1.001198 0.940453 1.218271 0.879148 
1.254191 1.142341 1.074485 0.849787 1.066513 1.202754 1.226919 0.908046 0.815665 1.164951 1.241520 1.057330 0.955234 
1.081371 0.857041 0.926296 0.834335 1.216173 1.032799 1.064876 1.008223 
1.144351 0.804078 0.956753 1.091828 1.139459 1.189613 1.253723 1.217795 
0.840133 0.937159 0.819624 1.029054 0.954084 0.974124 1.057114 0.938640 0.843373 1.035436 1.068828 1.055777 1.113236 1.084508 1.007517 0.915657 
0.817077 1.074508 1.210611 0.891958 1.124759 1.059301 0.860754 1.159084 0.817801 1.228370 1.032631 0.949206 1.221571 1.102650 0.878425 1.049118 1.045654 1.014789 1.154644 1.020532 0.847997 
0.975893 0.976330 0.832674 0.829161 0.959714 0.959280 1.216172 1.116000 1.067424 1.033676 1.145818 1.099648 1.108226 0.894551 1.037949 1.202346 1.258274 1.216493 0.968182 0.994673 1.081475 0.827773 1.099474 1.079270 0.977923 0.988888 0.798689 1.064365 1.079467 1.003881 1.193145 1.114541 0.856463 1.043753 0.966828 1.070525 0.876749 
1.192612 1.029524 0.804027 1.136491 0.968869 0.810838 1.046632 0.831303 0.955070 0.985984 0.897608 0.931136 1.221989 1.020697 1.081773 1.144910 1.193520 1.075378 0.903184 0.887315 1.110723 1.002262 1.148464 0.863161 1.085389 0.920635 1.000821 1.025405 0.989957 1.112609 1.049230 0.852438 0.907126 1.143020 
1.192652 0.924807 1.233655 1.242247 1.061978 0.830485 0.829532 0.851002 0.899247 1.088837 1.120093 1.112616 1.094260 1.207348 1.063887 1.115337 1.075766 1.150643 0.921204 0.935806 0.833943 0.980473 
0.882999 1.021771 1.008017 1.066654 0.968737 1.032618 0.935400 0.839591 1.100595 0.826817 1.167439 1.112905 1.099071 1.069759 1.007638 1.060225 1.115255 1.070858 1.197079 1.139781 0.911914 0.979074 0.809931 0.988506 0.918089 1.064576 0.994806 1.185150 1.101876 0.883361 1.023991 1.025444 0.986756 1.078964 1.043094 0.943153 
0.857200 1.045292 1.128429 1.012427 0.895869 1.010788 0.825013 1.101715 1.119916 0.825888 1.112384 1.177544 0.932815 0.867778 0.910179 0.899240 1.104352 0.950019 1.011401 0.925508 1.174581 1.067620 1.111267 
0.934241 0.979509 0.807265 1.136584 1.131536 0.980166 0.851189 1.037347 1.196582 0.814146 0.977568 1.035580 1.063078 1.037224 0.897583 0.833206 1.123090 1.190315 0.809031 0.844922 
1.192153 0.946280 0.919454 1.142213 1.255706 0.872998 0.819528 0.835653 1.213011 1.106847 0.800273 1.023996 1.180706 1.179594 1.218036 1.149306 1.158234 0.901793 
1.084056 0.969363 1.168672 1.187619 0.888546 0.842158 0.882330 1.072071 1.234126 0.958994 0.834707 1.008629 0.808145 1.114819 0.947341 1.052747 0.810242 0.905058 1.207256 0.872164 0.869142 1.033247 0.890700 0.954572 1.021133 0.832768 1.119265 1.184020 0.960930 0.860983 
1.115007 0.957454 0.813953 1.242832 0.901823 0.998565 0.979748 1.210051 1.237108 1.123207 1.049940 1.022862 1.023183 1.082582 0.967775 1.057070 0.824943 1.189689 1.066186 0.881839 1.003378 1.006291 1.199044 1.082534 0.986992 0.829441 1.121938 0.931150 0.873989 
0.854812 0.880869 0.809235 0.938576 0.960413 0.962910 1.044203 0.876190 0.831761 1.028658 0.945812 0.840313 0.823678 0.924502 0.955128 0.993086 0.970245 1.083051 1.120113 0.836068 1.172030 1.220209 0.796581 1.214951 1.146149 0.930193 0.802578 1.188713 1.208627 1.065402 1.210271 1.010759 0.843986 1.111762 0.974401 0.832443 0.960619 0.891803 0.953117 1.037363 
1.187808 0.866615 0.822984 1.059319 0.921514 1.110579 1.111120 0.965812 1.132752 1.103804 1.036922 0.826098 1.058681 0.916842 0.822407 0.940674 1.254880 1.244802 1.011938 1.085912 1.122950 1.089749 1.240674 0.832538 0.945105 1.066186 1.035057 0.957466 
1.075847 0.818867 0.822984 1.096847 1.155706 1.171342 1.090056 1.131996 1.101777 1.257228 1.165590 1.241526 0.841160 0.800546 1.158194 0.917678 1.128145 1.102240 1.217765 0.818857 1.194081 0.984477 0.906533 1.240752 1.064811 0.892952 1.011046 0.914175 0.863024 1.096896 0.922504 1.074200 
1.193773 1.172928 0.963304 0.795640 0.963825 1.058679 0.809272 1.177505 1.224362 1.122991 1.080291 0.833234 0.832929 0.963917 0.888408 1.053894 0.889655 
1.113907 0.917883 0.847249 1.175794 1.214726 0.831230 0.885117 0.857870 1.144465 0.923444 0.875439 1.190355 0.952689 0.983240 
1.164226 0.937115 1.238440 1.159181 1.009588 0.798388 0.869622 1.128177 0.959550 1.171724 
0.920149 1.127330 0.952645 1.062268 0.947061 0.806187 0.855984 1.186256 1.236199 0.944338 1.182888 0.911295 1.159187 1.187722 0.951145 1.009128 1.061196 
0.940376 0.864679 0.866049 1.062057 0.930263 0.835666 1.077093 1.046937 1.093591 1.116502 1.150372 0.823175 0.942087 1.083234 
1.062319 1.115947 0.828734 1.136288 0.888029 1.202276 1.161863 0.820177 1.139313 1.152263 1.196377 0.943431 1.099825 1.199501 1.083047 0.892243 0.949986 1.162883 0.853204 
1.113808 1.097684 0.809865 0.889039 0.833292 1.109826 1.091406 0.873620 1.235710 1.121426 1.057492 1.041417 1.236793 1.099366 1.166608 0.835911 0.802929 0.915803 0.892904 0.945076 0.946701 1.155559 1.040250 1.100615 1.139607 0.841276 0.982578 0.875384 0.940207 1.218079 1.102876 1.003753 0.950128 1.114847 1.016582 0.920576 0.939013 0.961519 0.878148 0.838104 1.053830 1.154314 1.128018 0.990543 1.071857 1.159012 1.008499 
1.245214 0.826769 0.815848 0.993231 1.244760 1.005209 1.060359 1.189964 0.885787 1.246681 1.132518 0.992267 1.140830 1.104851 0.908791 0.990785 1.082436 0.986271 1.046236 1.067510 1.125662 0.983912 
0.914052 1.144577 0.807150 1.219979 1.162231 0.863011 0.817429 0.870943 0.956837 1.157723 0.818607 1.155668 0.910293 1.116559 0.948646 1.170541 1.002568 
1.251661 0.860695 1.090364 1.157035 1.163225 0.898811 1.241308 0.818832 0.962386 1.052738 0.954991 0.854720 0.983152 1.153385 
1.083121 0.902687 1.174716 1.085723 1.175000 1.237680 0.827357 0.810783 0.930668 0.852330 1.092056 
0.866018 0.885634 1.208953 0.923802 1.099820 1.129951 1.058707 0.931671 1.153298 1.244051 1.088251 0.923020 1.164259 0.956570 0.860900 1.142045 
0.995011 1.114317 1.232279 0.841578 1.184631 1.192595 1.117361 1.209608 
0.921649 1.113620 1.245658 1.118021 0.836992 
0.847792 1.082077 0.922581 1.009282 1.126605 
0.836175 1.087478 1.151347 1.007339 1.229863 1.179778 1.052293 1.105821 1.138538 0.862560 0.883521 0.969302 1.113217 0.949964 1.111271 0.953750 1.105429 1.105754 1.058326 0.980058 1.168272 1.229755 0.959141 
1.065825 0.986080 1.016043 0.975354 0.903522 0.868512 1.112621 1.233374 1.063980 0.820178 1.025455 1.130394 1.120047 0.854713 1.111004 0.871023 0.821352 1.118271 0.862567 1.211893 1.184380 1.149272 
0.834609 0.943475 1.008880 1.095100 1.179097 0.820024 1.185071 1.238877 1.063576 0.910878 0.873759 1.093457 1.257687 1.050493 1.096592 0.847324 1.176034 1.131434 
0.999939 0.945009 0.962492 1.131083 0.863579 0.812348 1.178953 0.806637 1.254106 0.915445 0.801670 1.193185 0.807287 0.827496 0.948965 1.213241 1.062982 1.113189 1.069941 1.244902 0.812772 1.004517 1.242262 0.970258 1.201545 1.131120 1.081952 1.221987 0.925164 0.823166 0.816074 0.971500 
1.238747 0.828897 0.999026 1.068968 0.996908 1.077390 0.821702 0.804359 0.917163 1.105139 0.865724 0.904153 1.108483 0.863461 1.077469 0.833897 0.979361 1.166883 1.221519 1.022396 1.115383 1.214446 0.841953 0.991402 1.045970 1.239643 1.128028 1.180209 0.938619 1.043918 0.955998 0.978140 0.838556 1.070429 1.201434 
1.223438 1.032230 0.838338 0.993843 1.036422 0.803621 1.029413 1.025682 0.862366 1.229374 1.070409 1.009295 
1.219753 0.840374 1.030487 1.050208 1.163109 0.815970 1.080498 1.072898 1.232257 1.144296 1.075175 1.023639 1.120956 1.026176 0.963178 0.972716 1.237787 0.838415 
1.157994 0.845117 0.812014 1.034187 1.039127 0.817709 0.803000 1.216765 1.118383 1.206830 1.103203 1.249307 1.111339 1.014745 1.159422 0.955024 1.217089 1.120230 0.881213 1.186229 0.837873 1.035634 
0.840093 0.948122 0.985035 0.977458 1.072811 0.798312 1.039892 0.832874 1.070462 0.857688 1.003214 1.219051 0.991530 0.860314 
0.966351 1.113081 0.902178 0.855182 1.083018 0.847049 1.032772 0.816864 1.066746 1.255222 1.034847 1.194034 1.093840 1.034538 0.966041 1.080784 0.980289 1.009111 0.952087 0.997709 1.147038 0.989004 
1.003946 0.834748 0.832157 1.082970 1.171876 1.176573 1.002195 1.041506 1.206384 1.135647 1.057477 0.866316 1.167448 1.139730 1.068378 1.008220 1.082348 1.008427 1.235590 
0.912894 0.924128 0.883497 0.871883 1.077224 1.228755 0.933586 1.220342 1.108862 1.083112 1.025540 1.123023 1.208103 1.120952 1.243563 1.113958 1.109802 1.089443 0.841303 1.041036 1.219454 1.121980 0.857490 0.916748 0.981654 0.971327 1.206137 0.848179 0.821890 1.214656 1.127630 0.926345 0.897244 
1.053357 1.058318 1.120659 1.161529 0.856281 0.980827 1.020367 0.816784 0.833739 0.984059 1.056555 0.957120 
0.970393 1.122922 0.909959 0.929581 0.861416 0.823553 0.943287 1.095720 1.092434 1.155116 1.058241 0.969857 1.172656 1.018467 1.134909 0.853860 0.956944 
1.192474 0.946584 1.040827 0.853937 0.854351 0.833939 1.184355 1.118558 1.050795 1.217304 0.931639 1.034196 1.129061 1.055075 
1.239425 1.016897 0.992188 0.873674 0.822113 1.107479 1.018461 0.963345 0.863630 1.032579 0.834478 1.207718 1.224238 0.873883 0.800159 0.832285 1.226511 0.967963 1.169998 1.020320 
1.023006 0.905658 1.156428 1.057271 0.861719 0.980822 1.114598 1.235692 1.131832 1.014157 1.064167 1.051317 1.125465 1.188244 1.207239 0.925045 1.156610 1.160120 0.869207 1.068408 1.138772 
1.048485 0.851537 1.069302 1.144437 0.861540 1.235768 1.136807 1.057676 1.114239 1.173329 0.979075 0.842983 1.247358 0.937322 0.973290 0.855497 1.238696 1.005495 0.847051 1.223933 0.868214 1.174249 1.246408 
1.219061 0.836648 1.213519 1.036602 1.063553 0.972700 0.981320 0.939364 1.058004 1.088723 1.181762 1.232552 1.078357 1.164432 1.069185 0.912033 1.151050 1.251912 1.129740 1.237893 1.245418 0.915413 1.238123 0.957990 
0.935649 1.020631 1.177918 0.921708 1.143182 0.992710 0.858005 1.000742 1.222769 0.865491 0.807364 1.072674 1.218821 0.899503 0.941110 1.172100 1.154179 1.131633 0.998880 1.219748 1.052921 1.097034 0.831981 0.993977 1.224941 1.094221 0.987356 1.239841 1.256055 0.971377 0.923036 0.901600 
1.124484 1.242172 1.038219 0.890027 1.254969 1.015723 0.921762 0.982660 1.164182 1.025251 1.184073 0.879495 0.830539 1.010273 1.181057 0.901375 0.878226 1.129522 0.934503 1.241728 0.895961 1.056933 1.038759 1.151022 1.149481 0.982340 1.125934 0.908218 1.045944 
1.127766 1.047073 0.877171 1.017248 1.197921 1.169425 0.935420 0.796226 1.022303 1.195560 1.216349 0.961323 1.129062 1.139053 1.007219 1.072719 0.830777 0.922864 1.014684 0.986136 1.238086 0.878835 1.049007 0.860895 0.845216 0.814413 1.169616 0.941604 
1.243448 1.084616 0.917762 1.141351 1.038960 1.060774 0.818073 0.962501 1.198471 0.993858 0.859660 1.062256 0.822795 1.035567 
1.126544 0.872901 1.241666 0.852977 1.172733 1.246413 1.129909 1.003204 1.115836 
1.137684 1.113782 1.076372 0.919173 1.071990 0.803415 0.815764 0.832566 0.856320 0.994377 0.952992 0.860843 1.109946 1.183161 1.047603 1.156540 1.189818 
0.856079 1.064793 1.181596 0.990947 0.803497 0.820864 1.020117 1.170363 0.897707 1.238546 1.046706 1.199403 1.238599 1.238203 1.015773 1.029286 
0.972891 0.929894 1.015356 0.990947 0.832857 0.902686 1.195652 0.881378 1.212984 0.965994 0.934471 0.987365 1.113474 1.053651 1.254666 0.890757 1.086018 0.888068 1.063677 1.110916 0.917100 1.110259 1.057532 
0.920310 1.186053 1.122244 0.835755 1.106123 0.852691 1.136698 1.005201 0.892640 1.123069 1.209381 0.911625 1.056468 1.164122 1.255339 0.814340 0.848587 0.818513 1.162664 0.904274 0.885752 0.884870 
1.159509 0.879536 0.987190 0.984617 0.832410 1.188486 1.129577 0.902931 0.815397 1.207212 1.139234 1.163829 1.057876 0.940658 1.220232 0.988979 0.913936 1.120448 1.131928 
1.248703 0.977359 0.824796 1.211634 1.054469 0.832912 1.066898 1.115203 1.078837 0.815178 0.988304 0.968740 
1.015083 0.970601 0.796232 0.871106 1.143123 0.855852 1.013223 1.064292 1.091266 1.023654 0.925238 1.050744 
1.171658 1.019850 0.796232 1.046822 0.897749 0.995600 1.109215 0.983309 1.114457 0.992846 1.045178 1.043887 1.130187 1.000467 0.997303 1.141750 
0.907153 1.148733 1.091368 1.239871 1.017291 1.000346 0.862321 1.164396 1.146689 1.134100 
1.080202 1.233626 1.243175 0.994965 1.236446 0.835603 1.102824 1.161927 1.224339 
1.179033 1.238918 1.219631 1.013424 1.203562 1.216703 1.185832 1.008943 0.802520 1.112807 1.068513 0.921655 0.924781 1.167467 0.961748 0.914351 1.060019 0.923101 0.969508 1.209460 0.855527 
1.084229 1.128547 1.235809 0.903545 0.886157 1.255517 1.255722 
1.046579 0.977972 0.920213 1.049045 1.056005 1.181550 1.016728 1.204756 0.859521 1.181468 1.088609 0.956603 0.887700 1.166316 1.183338 1.106637 0.883006 0.872097 1.015161 0.806636 1.168845 0.937172 1.026182 
0.843803 1.041786 1.029230 1.185525 0.877342 1.076065 1.240998 1.166601 1.150834 1.001539 1.105714 1.169346 1.229012 1.157999 1.097801 0.919572 1.155471 0.847366 
1.201719 1.058368 1.097445 1.251953 0.854632 1.110540 0.953109 1.228410 0.801371 0.824179 1.126728 
0.797136 0.842210 0.986699 0.913556 1.187727 1.033467 0.806940 1.070998 1.170293 0.934508 1.092838 1.094918 0.983029 1.187558 1.085432 1.208313 
1.040732 1.156224 1.175675 0.847012 1.187538 0.888208 0.854816 0.901389 0.829019 0.860405 1.161726 1.100278 0.800941 0.902497 0.998439 1.100716 1.124152 0.854648 1.078052 0.889976 1.133440 0.873929 1.206873 1.003285 0.994470 1.138726 1.006092 1.069632 1.054071 0.862331 1.222764 0.876568 0.926468 
0.981228 0.803557 0.906510 1.097449 0.921845 1.029230 1.200235 1.079399 0.911591 1.163083 1.063440 0.890460 1.112404 1.164273 0.859615 0.946713 1.015868 0.811188 0.948655 0.808553 1.126261 1.224602 1.211749 1.025957 0.890156 0.991016 0.894223 0.961507 1.011448 1.031495 1.046696 0.870898 1.225178 
1.135926 0.813639 1.206443 1.071653 0.942784 1.144990 1.210634 1.186528 0.876922 0.935384 1.167692 0.811296 1.258658 0.808159 1.188370 1.250068 1.024369 1.100046 1.040072 0.849422 0.844649 0.941463 0.981554 1.090247 0.950041 1.039058 1.127248 1.015604 0.843345 0.899078 1.150415 0.939753 1.162181 0.998136 
1.097692 1.135604 0.811236 0.988473 0.834842 1.006297 1.249803 1.058912 1.066240 1.087130 1.143171 0.977260 1.106559 1.210830 0.962285 0.826774 0.847121 0.819432 1.220675 1.046836 1.249396 1.187758 1.009988 
1.040838 1.142422 1.250847 0.940400 1.006315 0.868208 1.123661 1.092023 1.106011 1.212684 0.873999 0.839612 1.202587 
1.017135 0.843123 1.036632 1.125353 0.901325 1.062873 1.031556 1.124005 0.927250 1.159664 0.802332 1.143786 0.874318 1.034357 0.806749 1.180477 1.118411 0.847666 1.119115 0.823939 1.105284 1.003323 0.965826 0.854814 0.969199 1.003815 
0.999377 1.161549 1.021459 1.052373 1.042739 1.119175 0.811627 1.161661 1.174263 1.139711 0.817076 1.012164 1.011575 0.940286 1.120499 0.795512 1.207839 0.808902 0.855529 1.053351 0.916975 0.871197 1.219095 1.134846 0.948539 1.037904 
0.919421 1.037062 1.169722 1.157936 1.087084 1.096006 0.890684 1.035910 0.900862 0.876822 0.921290 1.174533 1.241654 0.955816 1.214547 0.920192 0.979398 1.065737 0.956164 1.066849 0.888415 1.226048 0.900993 1.141374 1.077878 0.859561 0.983360 1.193988 0.943139 0.878402 1.136818 1.108913 
1.023063 0.986724 0.794800 1.099750 1.176169 0.866446 0.849533 0.801138 0.974320 0.890618 0.822170 0.897852 1.187354 0.853799 1.015357 1.099203 1.229974 1.038161 1.195823 0.945573 1.009525 
0.949126 1.165241 0.934081 1.167885 1.167521 0.968866 1.053922 0.861555 1.103323 0.888723 0.832768 1.071782 1.078168 0.812633 1.076995 0.910773 1.114532 0.922097 1.021586 1.093585 1.108089 1.024292 1.044285 
1.131282 1.126933 1.030896 0.822216 1.036571 1.175558 1.141411 1.169672 1.019178 0.869682 1.047776 0.958196 0.852027 0.806678 0.869645 1.084879 0.997524 1.178174 1.070749 1.167122 1.015625 0.926147 1.106388 0.966405 
1.048367 0.818393 0.965288 0.850858 0.833698 1.121446 1.228483 1.225057 0.992116 0.915463 1.204752 
0.893054 1.194331 0.869069 1.214035 0.975830 0.838793 1.243142 0.952230 0.808271 1.033423 1.142731 1.143880 1.214550 1.199587 1.069008 
0.986032 0.834846 0.897615 1.088827 1.209699 0.848878 1.129774 0.944641 1.064217 1.061914 0.928903 0.814329 1.216959 1.147022 1.040546 1.080166 1.131700 1.145279 0.811365 1.107427 0.913260 
0.947366 0.823678 0.796915 1.201221 1.108643 1.055395 0.957044 1.246253 0.976408 1.019677 1.087622 0.801872 0.950671 1.090002 0.964982 1.129063 
1.060044 0.798872 0.940102 1.127863 1.241174 0.987375 1.108796 1.078239 1.172539 1.230053 
1.014550 0.818103 0.899330 0.902768 0.930226 1.022788 1.163105 1.249352 0.959057 1.001631 1.063835 1.234952 1.101957 1.123103 1.021669 0.966285 1.195033 0.972434 1.160532 0.820958 0.907637 1.068637 1.024623 0.807222 1.120483 
1.023071 0.804548 1.024544 0.822324 1.081172 1.116488 0.908777 1.029551 0.856416 1.198680 1.202271 0.894643 0.962043 1.112775 0.966147 0.900551 1.040390 1.255020 0.975007 0.891446 
1.230606 0.903150 0.968308 0.804746 1.215988 0.847315 1.151664 1.080128 0.849241 1.053547 1.132089 1.157323 1.162664 0.796631 0.910594 1.070648 1.014789 0.879862 1.230592 1.008635 1.052602 1.204213 1.121618 0.800762 0.820473 1.005737 0.990412 0.982461 0.957479 1.127377 0.984521 1.072177 0.944589 1.080625 0.932730 1.006705 1.089065 0.982263 1.006801 0.862480 1.182098 0.922966 1.105835 0.844100 0.964822 1.094683 
1.040680 1.011544 0.880187 0.849796 1.151649 1.042564 1.149583 0.831691 1.036553 1.017049 0.806613 1.174420 0.860918 1.017332 0.933906 0.892433 
0.904389 1.124525 1.002515 0.880144 1.031924 1.126501 1.116936 1.177674 0.863058 1.036132 0.844991 1.040120 1.130666 
1.194983 0.955065 1.032188 0.886712 0.869043 1.107057 1.198895 0.928974 0.864501 0.860451 0.875338 1.089546 1.216869 1.166559 1.117240 1.091801 1.111211 1.091495 1.201434 0.891375 1.013565 1.099404 0.832437 1.156078 1.125424 1.185717 
0.904580 1.032321 0.978336 0.952789 1.181390 1.120899 1.171586 1.193894 0.795465 1.054909 0.821734 0.955959 1.098813 1.054523 1.128817 0.797885 1.228668 0.847802 1.151523 0.949056 0.979528 1.196292 1.041515 1.147934 1.005113 1.110839 1.230240 1.087776 1.158932 1.157476 
1.060263 1.162129 0.983447 1.151915 0.833499 1.251940 1.231750 0.966341 1.128466 0.800275 1.095013 1.198224 1.199342 1.196897 
1.207491 0.954060 1.041716 0.959574 0.817078 0.815273 1.134074 1.147814 1.146697 0.836023 1.050398 1.256447 1.181984 0.923215 
0.830768 0.827236 1.062169 1.012112 0.814262 1.133076 1.118901 1.148960 1.143564 1.045391 1.125042 1.006161 1.231896 1.097978 1.114645 
1.040271 1.024661 0.900179 0.879729 1.074243 0.971859 1.243548 0.815541 1.081674 0.957558 1.123213 0.967208 
1.018231 1.046953 0.852398 0.847206 1.091194 0.856402 0.827570 0.934211 1.184066 0.905549 1.032130 1.182001 1.001685 1.249766 0.992896 1.087141 0.856306 1.059858 1.044175 
1.074867 1.114374 1.225920 0.859553 0.902780 0.900190 1.145649 1.117111 0.908675 1.060644 1.062356 1.143582 0.938806 1.072148 0.832827 
1.004313 0.822006 1.145142 0.936334 1.126126 0.990906 1.050998 0.848090 1.116180 1.140597 1.112465 1.105549 
1.091270 0.826664 1.080274 1.213703 0.893253 0.987842 0.827219 1.085143 1.114308 0.856398 0.837225 1.059125 1.190602 
0.971791 0.834691 1.086247 0.902603 1.103121 0.989810 1.178540 0.811593 1.193018 0.942908 1.076350 1.171217 1.149667 0.835018 1.074452 1.129763 0.823534 
1.229130 0.914311 0.845829 1.034669 0.866483 0.888859 0.930856 0.984899 1.038136 1.076738 0.989750 0.802216 1.061966 1.111519 0.953809 1.219863 0.845132 0.874366 
1.058167 1.042190 0.808360 1.093768 1.074590 1.101346 1.031091 0.990898 1.051435 0.808407 0.927921 0.932108 1.148559 0.895924 1.111543 0.968213 0.831194 0.866072 1.078716 0.966979 1.037057 
0.806433 0.988915 1.122556 1.039568 1.110784 1.096117 0.858311 
0.817559 0.959111 1.097154 0.908281 1.167157 0.965578 1.135236 1.095851 1.108798 1.012863 0.801447 0.927513 0.887415 1.075891 1.152986 1.151838 1.060899 
0.860219 0.796835 1.111203 0.970458 0.834331 0.908757 0.938312 1.173427 
0.963028 1.171792 1.042688 1.132700 0.884527 0.799082 1.042484 0.984553 0.856580 
1.170617 0.858967 0.824583 0.816165 1.062536 0.873652 1.086470 1.119773 1.112911 1.165112 1.036608 0.927561 
0.841971 0.971681 0.948403 1.037702 0.952222 0.907709 1.118972 1.149161 0.993422 1.145955 1.239210 0.843186 1.089503 1.236855 1.231934 0.881971 0.962318 
0.806045 1.072123 1.014981 1.117028 0.900172 0.836811 1.203137 1.063903 1.153233 0.991254 0.877232 0.795387 1.071912 1.196477 1.201499 0.861083 0.943416 1.224403 1.085735 1.024031 
0.942884 0.887918 1.060685 0.997793 1.035161 1.122630 0.882623 1.143911 0.868792 1.056372 1.166000 1.222779 0.857108 0.859573 0.926013 
0.864991 1.129880 1.174074 1.064755 1.156702 0.841440 1.208090 0.898363 1.049952 1.057579 
0.992614 1.251989 1.087759 1.122469 1.144187 0.795729 0.937876 0.833543 1.191265 1.096421 1.117552 0.981333 1.041731 
1.025041 1.162974 0.845690 0.953471 0.973387 0.969151 0.856038 1.071914 0.967609 1.155380 1.198759 1.145552 1.187790 0.986128 0.887645 1.178514 1.101793 0.882455 1.184827 
1.028697 1.181927 1.092727 1.066687 1.214195 1.058599 0.805544 0.863709 1.083967 0.894753 0.867094 0.925817 0.924098 1.146921 0.954845 1.196244 
1.017855 1.042629 0.994166 0.921616 1.148114 1.095902 0.809215 0.951360 1.143081 0.923075 0.946904 1.054759 0.832014 0.817356 1.086153 0.871678 0.822879 0.916214 
0.901802 0.801921 1.244373 1.015646 1.007076 1.066423 0.816277 0.957368 0.927200 1.052248 0.992609 1.138880 0.966098 1.090044 1.066028 0.993196 0.833208 1.222325 1.059603 0.847884 0.881090 0.853608 1.042853 0.972505 
0.953330 1.241400 0.861520 1.006608 1.144579 0.826919 1.012116 0.956822 1.151611 0.946896 1.195863 0.859936 1.173747 1.113798 1.009448 1.256832 1.188384 0.848448 0.997650 0.921669 0.970641 1.090129 1.162533 1.132252 0.894822 1.156838 0.964102 1.123475 1.124069 0.893588 0.986653 0.950278 1.011222 1.160870 1.050734 0.882175 
0.847935 1.230601 1.123576 1.082469 0.888433 0.895556 0.922682 1.164684 1.135193 1.169642 0.801609 1.083633 0.801351 0.951530 1.201607 0.992100 0.970869 0.896458 0.833000 1.171737 
0.830028 1.064164 0.798224 0.913335 1.139831 1.085640 0.879851 0.888231 0.865557 0.810278 1.219246 1.071644 1.006195 1.101326 1.048653 
0.954930 1.041123 1.043067 0.962390 0.878877 1.103456 0.847709 1.001998 0.865557 1.203962 0.845774 1.124878 0.923528 1.131659 0.845091 0.995940 1.102686 0.919603 0.940012 0.977409 1.160245 1.121297 
0.829935 0.845173 1.197815 0.887927 1.031848 1.251924 1.238061 1.177065 0.812073 1.186966 1.039571 1.114207 0.973589 1.090631 
0.815593 1.036035 0.930793 1.124193 1.047034 1.147544 1.007492 0.854758 1.051514 1.119972 
0.820954 0.832574 0.850345 1.025514 1.257560 0.919369 0.947297 0.805050 1.245827 1.063836 1.052429 1.037703 0.878876 1.029424 1.194742 1.159776 1.045432 1.010576 1.070914 1.231221 1.044552 0.853503 1.140944 0.835006 1.098390 1.115268 1.132106 
0.794641 1.204198 1.083944 0.923892 1.039364 1.238078 1.148747 0.805050 0.929145 1.119434 1.254099 1.192232 0.961883 1.121437 0.813340 
1.257242 1.090823 1.021412 0.887999 0.799316 1.254057 1.035698 0.883115 1.087742 0.905672 1.036505 1.180142 0.889572 0.924659 1.009470 1.129723 1.206479 1.231356 
1.153714 0.974433 1.240137 0.898684 1.118073 0.835740 1.249700 0.795698 1.147526 1.108592 0.850403 1.092155 0.955848 1.096946 0.894713 0.969544 1.203665 1.135798 1.201707 1.121334 0.979386 0.914424 1.073592 1.212321 1.031380 1.020932 1.194209 1.122834 1.222805 
0.963906 1.029039 1.124632 1.010842 0.977191 0.809805 1.131255 0.806565 1.044797 0.815822 
1.043628 1.106278 0.936843 1.140178 1.071277 0.800867 0.874229 1.057890 0.817293 0.911493 1.144380 0.795198 1.157130 0.964715 1.024058 1.202633 
0.907587 0.924829 0.813176 0.861709 0.913497 0.850262 1.073887 0.892263 1.044540 1.042715 0.812674 0.862172 1.241878 0.915216 0.907665 1.253498 0.974917 1.120090 1.038712 0.854712 1.003131 1.229364 0.979627 1.076213 0.975921 0.959086 0.872350 1.151246 1.001769 1.222779 0.904275 
1.234381 0.918871 0.931938 0.869593 1.086598 0.810282 1.156425 0.895182 0.824943 1.092374 0.816803 1.168258 0.915136 0.813665 1.034099 1.187093 0.962841 0.978669 1.057677 1.098023 0.987740 0.932786 
1.108614 1.177391 1.167068 1.054072 0.933031 0.859955 0.852906 0.837850 1.214973 1.194521 1.206467 0.879168 0.880082 0.976412 
0.885949 0.948414 1.170881 0.903111 1.024427 0.795994 1.086685 0.932734 1.228922 1.073875 1.115324 1.011719 0.918379 0.871569 0.808587 1.063282 1.044930 1.102220 1.082859 1.053309 0.840412 0.963773 0.960131 1.207602 1.251294 0.965245 
0.849631 0.950808 1.064666 0.926796 0.832175 1.086308 0.959458 0.911326 1.076767 1.042762 1.195152 0.815517 0.893312 1.150102 1.121598 1.045661 0.891880 
1.164756 1.080868 1.253396 1.082962 0.814558 1.198303 0.981134 1.144086 0.851030 1.169518 0.929025 1.045841 0.839081 0.963420 1.172164 1.102945 0.801877 
1.245539 0.831544 0.935565 0.833822 1.201188 1.226991 1.010330 1.127990 1.220453 0.945623 1.175074 1.254952 0.955545 1.201631 0.891874 1.258807 1.125784 
0.814954 0.826009 0.921550 0.991784 1.197716 1.091228 1.228208 0.994933 1.035359 0.993904 1.220860 1.117700 1.187193 1.028906 0.956377 1.205711 1.065804 0.871581 0.996500 
1.194076 0.849148 1.040879 1.145800 0.936064 1.233485 1.218402 0.883519 1.140792 1.243273 1.224981 1.215308 0.999066 0.856061 1.251276 1.173064 0.991413 
1.208544 0.841052 1.071854 0.802908 1.037355 1.066958 1.115075 0.846446 0.999476 1.075592 0.945405 1.121870 0.983110 0.980221 0.881915 0.851296 1.030546 1.231119 0.923011 1.069827 1.019956 
1.185583 0.841052 0.987821 1.062951 1.222150 0.818120 1.086491 1.043344 1.212629 0.941036 1.040473 0.869799 1.079663 1.242801 1.060418 0.821392 0.961305 
0.966517 0.836159 1.064613 1.173203 1.238442 1.250121 0.986093 0.995045 1.159621 0.915281 0.941667 0.877398 1.225445 1.190767 0.902170 1.102424 0.826120 0.871419 1.094777 0.948137 0.825830 1.233253 0.899710 
1.010326 1.200074 0.899878 0.885612 0.897284 0.870153 1.014956 0.818279 0.972346 1.141213 0.895439 1.116138 1.202544 0.920472 0.997802 0.998038 0.834131 0.973653 1.119016 0.901888 
1.241414 1.258772 0.951821 0.846351 0.951596 1.014916 0.879199 1.130351 1.054867 0.972716 1.183965 1.089688 0.900244 
0.830083 1.113439 0.893516 0.796835 1.171668 1.069416 1.025006 0.973935 0.836121 1.156686 1.141996 0.944897 1.113526 0.829215 1.038811 1.051258 1.050666 0.985982 1.090311 0.968072 0.846668 1.030535 
0.942881 1.085647 0.870330 0.868058 0.835098 1.072442 1.167849 0.997400 1.021282 1.174210 0.836496 0.796467 1.155754 1.028555 0.993945 0.845224 1.021105 0.800306 1.227590 1.079637 0.935868 0.894771 0.926428 
1.194922 1.156628 0.794868 0.863507 0.843888 0.903567 0.958413 0.998823 1.021851 1.157692 0.992406 1.136236 1.130321 0.845695 1.069481 0.934927 
0.994566 0.866202 0.858491 1.032378 0.808591 0.874440 0.952589 0.950110 1.168245 1.116913 1.239389 0.930935 1.177997 1.022834 0.984369 1.055695 1.140034 0.797114 1.105337 0.920258 1.030164 1.071652 0.915091 0.833307 1.065486 0.882567 0.991319 1.123302 1.015506 0.800156 
0.863517 0.961355 1.184165 0.892629 0.814089 0.806672 1.011136 0.890611 0.863995 0.952503 0.878365 0.869098 0.974488 1.080814 1.146899 0.948903 1.127702 0.879394 1.158114 0.932031 1.043423 0.943715 1.013363 1.031903 1.227022 1.051005 
1.143394 0.845547 0.981332 1.199105 1.214714 0.857410 1.254275 1.014961 0.987900 1.088573 1.170851 0.817856 1.228538 1.173031 1.142945 
0.829533 0.845547 1.037023 1.158530 1.111177 1.002812 1.124479 0.936554 1.183723 0.866437 0.869459 1.173770 1.096800 0.812810 1.003127 1.061244 1.002839 0.951283 1.012183 1.075838 0.948777 1.213347 0.840204 0.825503 
0.959427 1.058916 0.944854 0.933185 0.801961 1.174555 1.186973 0.847446 1.235190 0.805839 1.205575 0.884770 1.210059 0.943870 0.796719 0.803186 1.171184 0.996107 1.068559 0.867594 1.080711 0.992664 0.795904 1.243437 1.132927 0.809797 1.025833 
0.988461 0.817076 0.862961 1.022630 1.145980 1.117664 1.251974 1.196015 0.840278 0.885531 0.984627 1.082889 1.258515 1.011433 1.212313 1.102475 0.866698 1.007693 0.968924 1.064379 0.807309 0.913984 1.087436 0.914681 1.064001 1.171746 1.228421 1.180013 0.862023 1.142420 1.219386 1.174279 1.182068 
0.934136 0.912344 0.862767 1.217219 1.223149 0.926199 1.011832 1.141638 1.032196 0.817147 0.991135 0.845890 1.202907 1.105743 1.064810 0.858763 0.881538 1.139814 1.162689 1.027026 0.921625 1.143628 0.986644 1.081615 1.116602 0.845900 1.045736 0.814822 1.141201 0.952056 
0.968554 1.180564 1.073348 0.929173 1.172905 1.171021 0.929742 0.956400 0.847426 0.859559 1.034229 0.987544 1.129123 1.002518 1.134924 1.168732 1.217645 0.992337 1.197808 0.953597 0.920774 1.095314 
0.886614 1.176211 1.197452 0.895935 0.923559 1.012564 0.810343 1.046396 0.911889 0.878034 1.246989 1.214519 
1.169490 0.832176 1.201172 0.894383 0.893708 1.213366 1.052084 1.001859 0.882592 1.240164 0.904042 0.990982 0.902574 0.893425 1.124895 1.152490 1.010417 1.201778 1.178134 
0.841016 1.196600 0.797969 1.247804 1.039459 1.229905 0.824424 1.041838 0.888974 1.193841 0.905234 1.197877 1.079320 
1.227168 1.211652 0.837844 0.986664 1.081370 1.180742 0.815918 0.952552 1.012514 1.172641 1.201674 1.184438 1.018977 1.144433 
1.248118 1.052932 1.001721 1.076975 1.127658 0.893536 0.880963 1.257078 0.916735 
1.246610 0.908130 1.182810 1.168470 0.847699 1.052059 0.845916 1.075326 1.252621 1.218036 1.084327 1.076419 0.930100 1.029764 
1.158815 1.132718 1.002384 1.154479 0.885431 0.847832 1.251864 1.026616 1.223679 0.910889 1.007221 0.855987 1.169896 0.992982 
0.816229 0.851460 0.883228 1.156323 0.894457 1.147132 1.251914 0.842908 0.940803 1.189066 0.829370 0.990946 1.068891 1.194443 0.831824 1.057933 1.188838 1.092050 1.035165 0.816653 1.127553 1.175956 1.066883 1.240181 1.097372 0.978280 1.083969 0.906180 1.101913 0.958117 1.235855 0.817593 1.207319 
0.831849 0.997088 1.228360 1.006434 1.255135 1.089080 1.239350 0.886399 1.080793 1.080108 0.808235 0.855932 0.879093 0.813477 1.010196 0.977504 0.980008 1.088408 0.859368 1.042518 1.092855 1.208785 0.843133 0.831643 1.053438 1.065002 0.946837 1.052843 0.836780 0.988009 
0.808982 0.996289 0.956658 1.218882 0.858736 0.868811 0.804504 1.228252 0.831234 0.979505 1.158982 1.114367 1.069931 0.953232 0.928217 1.051734 0.967200 0.988074 0.935389 0.819686 0.888273 1.023342 1.026669 1.002718 1.228080 
0.816946 1.113306 0.881085 1.044859 1.088176 0.980764 0.797927 1.101323 1.094940 1.028880 0.853224 0.850000 1.001731 1.125815 0.815146 1.127094 1.109164 0.944258 
0.987343 1.041221 0.897515 0.873154 0.813597 0.989048 0.894335 1.060808 0.847655 1.148631 1.176084 1.173622 0.951376 1.111021 1.136918 1.168714 1.134789 
1.077760 0.979217 1.022612 0.969909 0.812701 0.826100 0.820053 1.122418 1.004001 1.208267 1.021315 1.106327 0.999761 1.002419 0.907613 0.856408 1.003000 0.905763 1.116875 1.107223 
1.024173 1.009182 0.961654 1.063045 0.809486 0.990961 0.838976 0.807580 1.000295 1.032410 0.975965 1.089454 1.081156 0.981011 0.938538 0.861124 1.059098 1.203563 1.079768 1.157821 0.820107 1.119585 
0.956240 0.994630 1.185339 0.818339 0.809486 0.949834 0.835801 1.022751 1.007766 0.887964 0.990600 1.151648 1.027451 0.934599 0.954067 1.120113 1.025846 0.917861 1.131052 1.055957 
0.982798 0.979785 1.163761 0.979837 0.798840 0.974905 0.835801 1.136946 1.120153 1.029494 1.093303 1.114211 0.929771 1.109094 1.023260 1.141935 0.926933 1.022005 0.974637 1.196393 1.034164 
1.105749 0.833894 1.040857 1.191557 0.818754 1.092840 0.800042 0.870745 0.882016 1.003470 1.184082 1.163281 0.947154 1.139732 0.927779 1.049996 0.929223 0.800602 1.113498 1.164408 0.903096 1.061761 1.255451 
0.916350 0.955097 1.088317 0.847230 1.057502 0.960615 1.072497 0.817805 1.087029 1.171386 0.855752 0.962164 0.876850 
0.801679 1.082075 1.031609 0.835597 1.222777 0.910387 1.121057 0.957884 0.989303 1.229988 0.864384 1.040662 1.232485 1.135587 1.109128 1.061459 1.020004 
0.883253 0.836087 1.053547 0.806608 0.836607 1.021474 1.142729 0.875255 1.197023 1.017838 1.120774 1.186555 1.084214 1.006407 0.998509 1.106640 1.088544 0.874155 0.923011 1.229834 0.979056 1.130367 0.906363 1.116239 0.897064 1.247331 1.128987 0.959504 0.919036 1.032774 1.030107 
1.069420 0.892799 0.883118 1.136584 0.948863 1.017032 0.944480 1.167089 0.968504 1.045284 1.155366 0.812103 1.113660 0.818932 0.849714 0.805865 1.124129 1.079472 1.245396 0.891402 0.898016 1.213644 1.125773 1.215754 0.980053 0.957471 
1.245115 0.879027 0.847197 1.064635 1.066424 0.913557 0.961908 1.101584 0.832895 0.845709 1.085607 1.105965 0.993368 1.041489 0.931249 1.046737 1.012501 1.051829 1.108424 0.995904 0.927946 1.214556 1.019163 0.941187 0.996993 0.934582 0.931130 0.970629 1.074614 1.106835 0.978157 
1.060794 1.196309 1.001829 1.058403 1.055108 1.194650 1.134536 0.822040 0.883198 0.835419 1.174952 0.814565 1.077313 1.133901 1.256573 1.229481 1.130145 1.226594 1.113232 0.842443 0.948743 1.117094 0.959383 0.995370 1.179050 1.253843 
1.154491 0.885142 0.840553 1.005844 0.990763 1.075264 0.843835 1.146482 1.071709 0.891492 1.128231 0.985258 1.203247 1.070241 1.152497 0.953233 1.144059 1.133310 1.035243 1.193903 0.943438 0.954660 1.054964 0.820937 0.870065 0.929435 0.811849 1.022413 0.956892 
0.894359 0.818460 1.120633 0.998688 0.880578 1.022356 0.826387 0.940123 0.866242 1.006949 0.859543 1.056065 1.202615 1.085294 1.150285 0.910913 1.126233 
0.987494 0.894822 0.869031 1.050028 1.135381 0.934978 0.837902 1.087825 1.082150 0.818622 0.952208 1.067292 0.907230 1.044528 1.202933 0.963263 0.897730 
1.228679 0.808024 1.245715 0.983714 0.842201 1.127971 0.837902 0.836732 0.928174 1.152247 0.804016 1.025053 1.168969 1.134104 0.938333 1.026719 1.052796 1.196920 1.099609 
1.143800 1.114054 1.167876 0.942594 1.211981 1.005618 0.853106 0.862572 0.950988 1.151847 0.943474 0.987210 
0.928518 1.023084 1.066480 0.839942 1.090623 1.256646 0.850524 0.794886 1.186411 1.134775 0.939952 1.011094 1.096977 0.815688 1.190049 0.948206 0.977577 0.837986 1.118175 0.911300 1.072874 1.081800 1.039634 1.045486 1.138585 1.139812 0.913639 0.886882 1.014344 1.161221 
1.145155 1.134551 1.187079 0.943951 1.064270 1.200370 1.110493 0.813569 1.129295 0.830457 0.825655 0.817934 0.949234 1.209910 0.955157 0.932752 1.024303 0.906099 1.150435 1.120525 
1.063773 0.937743 0.912543 0.874781 1.125194 0.974504 0.924384 1.167841 1.227844 1.147171 0.825655 0.957528 1.216847 1.052972 1.115649 1.008669 
0.843727 0.882194 1.232442 1.185030 0.897147 0.917325 1.138002 1.105980 0.917868 1.142789 0.911269 1.235823 0.910696 
1.109880 1.124549 1.028353 1.237117 1.025651 0.872517 1.019130 1.036515 0.829648 1.033138 1.092066 1.038517 1.051307 1.128717 0.871449 0.888235 1.221088 1.012738 0.918576 1.219004 1.244986 1.061153 1.115886 1.247413 1.055057 0.962593 1.015581 
0.796201 1.190598 1.145037 1.143625 0.863629 0.839565 1.102037 0.801506 0.902853 1.216997 1.235712 0.951789 1.158008 0.858141 0.937672 1.072563 1.206366 1.117075 1.102544 1.044037 1.064018 0.882843 
1.194327 0.923064 0.823176 0.921367 0.837159 1.245770 0.882425 1.072108 0.994786 1.208988 1.215541 0.870338 1.073227 1.192016 1.016428 0.985260 0.808582 1.042495 
0.907197 0.805621 0.871122 1.077176 1.189309 1.080138 1.165103 0.828407 0.884206 0.891623 0.978943 0.864123 0.960470 0.890727 1.210319 0.953091 1.045296 0.943080 
1.161863 1.002839 0.846345 0.901395 1.130495 1.073120 1.101645 0.876153 1.130272 0.979336 1.017676 0.985096 1.217718 1.204715 1.216666 
1.127620 0.947732 0.851887 0.998662 0.895717 1.130523 1.135095 0.965866 1.136412 0.950139 1.003048 1.108794 0.821174 1.111138 1.212233 1.256296 1.205458 1.188191 0.825908 1.048970 1.121476 1.062308 1.031239 1.165753 
1.011857 1.248136 0.826514 1.124402 0.983449 1.186268 0.894880 0.817896 1.144239 1.029660 1.066522 1.211982 1.031127 1.064590 0.972050 1.037555 1.078937 1.027958 0.913009 1.113801 
1.177443 0.858904 0.927556 0.806879 0.997424 0.895250 1.198700 1.048271 1.126166 
0.913513 0.821200 1.185045 1.173397 0.859827 1.117395 0.895690 1.192326 0.814348 1.089487 1.011538 1.147193 0.933001 1.223345 1.000502 1.229872 0.995392 1.251047 1.194833 0.934508 
0.969617 0.794533 0.847190 1.108208 1.121205 1.106383 0.893751 0.824981 1.206588 0.905597 0.932408 1.249085 0.861892 1.107581 
1.082216 0.892186 0.852634 0.972594 0.952287 0.799391 1.171123 1.049408 1.186767 0.861650 1.134457 1.236990 0.959947 0.924491 1.101852 0.956128 0.903794 0.903431 1.152424 1.126015 0.909007 0.800498 0.945759 0.805874 0.998450 
1.146593 0.875564 0.815696 0.914899 0.799734 1.252398 0.835802 0.944839 0.958654 1.182360 0.840996 1.154989 1.112597 1.244007 0.999608 1.251107 1.008469 0.967100 0.955102 
1.144938 1.090315 1.159277 0.852077 0.795646 1.219816 1.061136 0.911430 1.116745 0.845182 
1.111606 0.996350 1.203124 1.170371 0.847714 1.046154 0.920185 0.900729 0.989717 1.118464 0.908819 0.921324 1.133783 0.953738 1.073222 1.001315 0.993303 1.080284 1.038660 1.100726 0.831004 0.954373 0.848627 1.083107 0.880601 1.205167 1.111010 0.948548 1.112846 0.915305 
0.807460 0.906741 1.070938 1.029560 0.933146 1.229058 1.134930 1.205593 0.871921 1.084451 0.881853 1.129377 1.250133 1.035877 0.955368 1.010296 1.187163 1.025912 0.898571 1.114085 1.081912 0.856365 1.248228 
0.923461 1.056392 0.977993 0.941852 0.851900 1.037623 0.881576 0.877886 1.130684 1.214784 0.892063 1.143726 0.862686 1.226331 0.818436 1.041480 1.161818 0.931122 1.208422 1.254817 1.214061 0.924072 1.099032 
1.081626 0.927905 0.879202 1.067042 1.207483 0.825710 1.170533 0.999461 0.952603 1.062499 1.149832 0.816702 0.989658 0.919164 0.896621 1.126756 0.918372 0.864630 1.025608 0.973717 0.987712 0.813257 1.032951 1.075109 1.225715 0.964293 0.999140 1.145548 1.071331 0.899323 1.006202 
1.164382 0.968918 1.033983 0.993642 0.827665 1.055696 0.813875 1.236336 0.807788 1.179536 1.115811 1.213777 0.822384 1.079962 0.910344 1.000302 1.070807 1.031481 0.947513 0.881233 1.066130 0.976763 1.074869 0.858899 1.085337 1.136512 0.914542 1.081247 0.921994 1.005054 1.055187 1.053224 
0.835723 0.795237 1.005868 0.969651 0.833447 1.046280 1.040177 0.795833 1.142048 1.098054 1.127652 0.969088 1.089027 1.015887 1.098091 0.927637 1.009584 0.902086 0.940534 0.980008 0.823571 0.935654 0.855726 0.825528 0.943520 
1.082563 1.184536 0.947134 0.899142 0.908746 1.166016 0.953858 0.817282 0.935782 0.796392 0.987680 0.804090 1.153260 1.014179 1.113488 1.095167 1.168913 1.001517 1.120403 0.926083 1.029729 
1.254643 1.146687 1.047667 0.998406 1.225171 1.071048 1.108398 0.959060 1.174261 0.796392 0.813159 1.119549 
1.078269 0.855058 1.037872 1.091585 0.857338 1.193342 1.037228 1.048006 0.833667 0.959339 0.956318 1.136525 1.052348 1.110750 1.221148 1.000239 1.143296 1.093486 1.050003 1.128055 0.920575 1.057683 
1.220331 1.122747 0.993295 1.012813 1.099488 0.891385 0.939597 1.131093 1.004432 1.136403 0.796382 1.072974 0.798957 0.856743 
1.153801 0.884579 0.858765 1.044445 0.849147 0.888928 1.247404 0.935881 1.249627 1.041476 1.155466 1.021845 1.252813 0.865889 1.093637 1.106151 1.217566 1.122393 0.816525 1.035780 0.978255 
1.063753 1.049435 1.044292 1.068684 0.860898 0.878319 0.839028 1.044512 1.245179 0.982855 1.177627 1.213432 0.850547 1.085565 1.022929 1.139186 1.113639 1.195891 
0.837231 0.879364 1.115114 1.032566 1.212077 0.989547 0.848534 0.958804 0.913695 0.917545 1.039921 1.116566 0.956753 1.156612 1.175948 1.080898 0.992364 1.069835 1.062054 0.939856 0.856356 0.949965 0.847138 0.878610 0.902434 1.098250 
0.847406 1.184285 1.046198 1.111402 0.861187 1.092990 1.020308 1.200894 1.194643 1.073475 0.940055 1.006373 0.849614 1.092174 1.243134 1.203636 1.116801 0.855992 0.808574 
1.039299 1.129309 0.986548 1.102658 0.807077 1.019762 0.818015 0.986491 1.018524 0.826515 0.923117 0.825076 1.124064 0.850405 1.212280 0.853790 0.805959 0.961082 0.971569 0.980440 
0.885512 0.832612 0.948696 0.832170 1.216414 1.190417 1.142956 1.007766 1.151842 0.911435 0.857815 1.096051 1.162666 1.017770 
0.995698 0.929684 1.042476 1.166056 0.869091 1.065067 0.899480 0.838516 1.139569 0.825833 1.087276 1.223072 0.971539 0.969800 1.074249 
1.120812 0.815599 1.098226 0.837759 1.213864 0.807880 0.927021 0.860112 1.191700 1.059783 0.896303 0.864714 1.054854 0.831259 0.960244 0.882081 0.988924 1.026629 
0.942287 1.217858 1.059344 0.896403 0.935124 0.889821 0.921258 0.958936 0.849807 0.829296 1.135805 1.248142 1.205470 0.974140 1.048895 1.049094 0.994677 1.097884 0.964368 0.956108 0.953454 
1.207659 1.096953 1.115539 1.146461 0.962144 0.806323 0.801495 1.192720 1.019369 0.906774 1.020156 1.083957 1.111048 1.102504 1.133384 0.794783 1.188616 1.024051 0.934211 1.257697 0.966875 1.204109 0.922978 0.981934 
0.994697 0.827399 0.916216 0.962672 1.082409 1.199733 0.801495 1.180624 0.928585 1.223842 0.955596 0.941626 1.021977 0.968858 0.824015 0.867740 
1.042108 1.223956 1.027878 0.854279 1.059287 0.851356 0.950203 0.961941 0.999854 1.037489 0.851693 0.952029 1.130001 1.123208 1.157590 1.020077 1.048163 0.794864 
1.020629 1.023759 1.122016 0.830622 0.874916 1.194454 0.932014 1.030234 0.990281 0.859197 1.038766 0.795422 1.244510 0.941818 1.238713 1.110768 1.070599 0.899882 1.254817 1.156351 1.097253 
0.976151 1.012581 1.141740 0.988353 0.828428 1.131492 1.139080 1.256296 1.114856 0.843693 1.167519 0.825969 0.941797 0.945286 1.185617 0.956796 0.983225 1.101183 1.107277 0.938903 0.904572 1.069285 
0.954763 1.221353 0.944133 1.189280 1.015489 1.175504 0.959651 1.006730 0.873979 1.139349 0.903936 0.799260 1.057391 1.195911 0.892560 1.210186 0.972000 0.977194 1.130467 1.212730 1.165047 1.027701 0.963157 1.212567 0.972804 1.034313 0.965966 1.226191 0.817925 
1.017038 0.988396 1.130317 0.964542 1.251224 0.835527 0.818015 1.109015 1.196236 1.238868 1.094481 1.148953 1.065547 0.928764 1.013154 
0.863736 1.169367 0.806951 1.199084 0.988653 1.127956 0.843682 1.050013 0.990243 0.955491 0.939407 0.872257 
0.872060 1.140563 0.849611 1.013720 0.975654 0.972747 0.840033 0.912315 0.927832 1.137573 0.993152 1.007964 0.840210 1.069706 1.053660 0.960828 1.010954 1.014420 0.822326 0.840298 0.860584 0.961767 1.125494 1.177572 0.964960 0.978280 1.003720 1.073106 0.869272 1.181975 1.045805 1.099094 1.144361 1.247996 1.100657 1.175819 1.097704 1.090279 1.160446 0.845201 
1.012658 1.184137 0.810437 0.920136 1.127998 1.142809 0.834443 1.179823 0.947731 1.003462 0.853874 0.997349 
0.871793 1.101608 1.074620 0.808215 1.115679 1.091954 1.135388 1.111531 
0.980959 1.007412 1.097002 0.814900 0.819234 0.859284 0.928049 1.081914 1.012962 1.058081 0.887223 0.905099 1.105979 1.066987 1.053672 0.992677 1.152966 1.005068 0.832499 0.950976 1.051792 1.049799 0.917783 0.983113 1.016980 0.987326 1.111311 0.913325 0.949237 1.258146 0.867373 1.050521 1.183572 1.010131 
1.126525 0.800701 0.986847 0.796340 1.051499 1.116764 0.963191 1.188566 1.096809 0.798864 1.207476 0.852908 1.062743 0.896910 0.977261 1.036575 1.058104 1.007600 1.049356 0.931242 1.181490 1.137323 1.174876 1.077439 1.014794 0.873820 1.243330 0.982328 0.947657 1.130447 1.031489 0.800379 1.002464 0.920719 
1.006910 0.936416 1.208912 0.804610 0.921498 1.067459 0.982617 1.102145 0.924878 1.055317 0.962806 1.074179 1.201602 1.254228 0.957900 1.227692 0.909312 1.243283 1.138061 0.822859 1.076287 1.227040 1.155583 1.135563 1.137673 1.004380 1.100596 1.142323 0.880625 
0.996500 1.003758 1.144615 0.803966 0.912837 0.800246 0.963539 1.138860 0.852067 1.121956 1.162494 0.977035 0.912854 1.233300 0.988987 1.038033 1.154221 0.797292 
1.157422 1.173314 1.080772 1.100263 1.183135 1.147166 1.246427 0.893573 0.983775 1.202275 1.169955 1.030693 0.961551 0.837268 0.869758 0.925874 0.808946 1.017779 1.027801 1.004058 0.841756 0.869172 0.847388 1.166378 1.183053 0.977879 0.803594 1.204457 0.881241 1.003770 
0.959322 1.196432 1.049049 1.027534 1.089890 1.109547 1.069466 0.881007 0.853006 0.878833 1.134373 
1.218566 1.032936 0.807938 0.931946 0.886340 0.926709 0.922481 1.028562 1.032567 0.946687 1.087669 1.096892 1.004262 1.051257 1.018478 
1.016432 0.941123 1.038262 0.890600 1.208450 1.164274 0.874135 0.795738 0.884911 0.938320 0.945997 0.908382 1.064150 
1.204358 1.132066 1.162690 1.192366 0.920130 0.979280 1.043853 1.157275 0.857029 0.918308 0.852258 0.872706 1.165002 1.028618 0.923255 1.010713 0.819874 0.841693 1.030172 
0.835561 1.180984 0.863102 0.927200 0.866145 0.940183 1.074291 0.894931 1.127637 0.940269 1.071066 
1.231068 1.195808 1.186609 1.126236 0.913961 1.072122 0.984674 0.811194 1.099104 0.968455 0.971400 0.997947 0.911460 0.891654 0.976301 1.221252 1.019160 0.906512 1.083921 0.938146 
0.976334 1.069737 1.255293 0.882244 1.048948 0.937811 1.210937 0.832635 1.070537 0.910294 0.967014 1.243261 1.151741 1.004090 1.084768 
0.842712 0.795090 1.051124 0.944044 0.916646 0.805761 0.970209 1.228182 1.193436 0.823203 0.979390 1.213714 1.064901 1.013272 1.225774 0.807091 1.005436 0.932106 1.199473 1.236949 0.845119 1.236214 
0.865696 1.140997 0.863258 0.798141 0.999629 1.256034 1.184436 1.065414 1.078725 1.002864 1.198119 1.113149 0.818920 0.870339 1.224725 1.189302 1.050954 1.192092 1.144394 1.216316 1.130963 0.799426 0.899877 
1.114888 1.187540 0.807810 0.906181 1.212988 0.837428 0.979013 0.966128 1.114113 0.938259 0.890626 0.976924 1.085421 1.109608 1.080023 1.156285 0.800726 1.121286 1.030779 0.869556 0.962669 0.907803 0.963161 
1.000292 1.055231 1.050172 1.022564 0.913856 1.162204 0.861070 1.066805 1.176827 1.200537 0.811899 1.040149 0.980768 
1.196081 1.030351 0.858146 0.867762 0.947070 0.990959 1.162786 0.832186 1.117692 
0.802235 1.240410 0.856447 0.948406 1.139991 1.132260 1.120316 1.084058 1.208810 0.932238 1.068326 0.883598 1.076121 1.137228 0.934084 1.005234 1.058230 0.831931 0.831315 0.926967 1.232422 0.982706 0.981598 1.106746 
0.850217 1.108439 0.853729 0.979529 1.198743 1.013622 1.138947 0.864359 1.181008 
0.804325 1.053851 0.858416 1.011584 1.110974 1.141417 1.027367 
0.906344 1.143374 1.085352 0.974104 1.164713 1.199753 1.125237 1.198997 0.981343 0.988724 1.090175 0.800807 1.071138 0.843908 0.981416 0.893395 
1.125183 0.867597 0.824256 1.039747 1.075348 0.893643 1.158002 0.904972 1.011692 1.243125 0.865211 1.096667 1.110314 1.133357 
1.004179 0.794650 0.819241 1.169750 1.113175 1.194059 0.949461 0.822135 1.199800 1.168636 1.084946 
1.071553 1.127232 0.991695 1.164012 0.929086 0.928731 0.861130 1.123063 0.839254 1.036149 0.816979 1.090259 0.852954 
0.830306 1.121228 1.056187 1.072387 0.798894 1.204707 1.075081 1.009573 0.854939 1.038839 1.173412 0.952599 1.214535 1.002148 1.090432 0.824828 0.840418 
0.912047 1.056183 0.817068 1.002113 1.150824 1.163686 0.797963 0.907245 0.901788 0.921781 1.112398 
0.959691 1.001736 1.096421 0.950012 1.057132 1.049172 0.797963 1.139241 1.119594 1.009604 0.964967 1.225533 0.839466 1.183213 1.108712 1.035878 1.025398 0.935320 1.212315 1.074215 0.991437 0.887137 1.252831 1.070845 
1.244216 1.202838 1.061217 1.197410 0.891283 0.879558 0.894176 1.068561 0.984249 0.977320 0.982809 1.176528 0.914944 1.139725 1.050307 0.803584 0.841633 
1.141668 1.160536 1.034862 0.926515 0.810622 1.073106 1.052519 1.045304 1.008885 0.833059 0.882636 0.846207 1.076556 1.028305 1.094767 1.105201 0.851496 
1.135896 1.111223 0.878684 0.852388 1.185356 0.826139 1.212225 1.079700 0.983424 0.823553 
1.090943 1.003275 1.188067 0.813575 1.241306 0.909692 1.143803 1.094946 0.939524 1.250242 0.873933 1.138079 1.141934 1.226195 0.938925 1.029873 1.085340 
0.906097 0.986294 1.177022 0.966968 1.047338 0.925774 0.848398 0.919248 0.849747 1.123966 1.196152 0.947616 0.857080 0.919152 1.030836 1.189481 0.980860 
1.024064 1.095339 0.874155 1.258263 0.843620 1.217811 0.875518 1.255228 0.973722 1.248509 0.933803 
1.036305 0.853811 1.010684 1.204095 0.799123 0.952082 0.943069 0.862433 1.244752 0.964704 1.165014 1.096073 0.922856 0.999917 0.915553 0.976042 1.060388 0.921131 0.985008 0.883339 0.844304 0.822717 0.995228 1.032650 0.924786 1.226622 0.820441 0.982485 
1.117433 1.035004 1.060036 1.111337 0.817186 1.024958 0.973072 1.040707 0.890488 1.225926 0.930210 1.139397 0.860895 0.893725 1.078309 1.091135 0.830901 0.976937 1.208836 0.801957 1.151866 
1.098501 1.199310 0.829988 1.073263 0.827382 1.017058 1.066288 1.106246 1.110015 1.141545 1.030803 1.194723 1.069063 1.254646 0.927854 1.048958 1.198776 1.001761 0.837534 0.853910 0.805440 1.080174 1.093241 1.085793 1.113237 1.146757 
1.085715 1.040010 0.807761 1.161478 0.842171 
1.002102 1.058290 0.848317 1.048157 0.832345 1.158614 1.169887 0.808114 0.889384 0.841964 1.130565 1.218783 1.240439 1.032959 1.104018 1.183753 1.175771 
0.957801 0.998566 0.852472 0.915143 0.807237 1.161137 1.185235 0.883823 1.055410 1.137223 1.156879 0.942381 
1.005999 1.084151 0.845936 1.258193 0.812346 0.980319 0.933293 0.915862 0.988512 0.891429 1.230031 1.234771 1.159428 1.163956 1.006320 1.163078 1.214354 0.976711 1.135616 1.146454 
1.126090 0.962881 1.053797 0.799589 1.183868 0.932511 0.870217 0.837741 1.184889 1.146363 1.218777 0.839230 0.998102 1.087176 
0.989531 1.135674 1.024380 0.846607 0.825477 1.067986 1.160135 0.918526 1.046696 0.964719 1.133696 0.944020 1.151437 
1.207145 0.915056 0.988896 1.236546 1.225188 1.198816 0.920066 1.133606 0.865043 0.825089 
1.093845 0.908783 1.216232 0.985103 1.103802 0.844414 0.903910 0.993493 1.194319 0.820658 1.123502 1.076638 0.831831 0.842340 0.826777 1.063934 1.124620 0.908680 1.177447 1.043799 1.194628 1.023111 
0.819388 1.220775 1.120093 1.004815 1.003658 0.801451 1.152605 1.021920 0.997940 
0.887379 1.065337 0.907371 0.954610 0.880547 0.801451 1.234204 1.021601 1.222281 1.172890 0.967164 0.950819 0.969188 0.985672 0.872928 0.934341 0.997902 0.935356 1.060774 1.068071 1.205698 0.970177 1.041495 1.045337 1.176433 0.930668 1.042188 0.970209 1.021609 
0.938440 0.851374 1.225104 1.107429 1.013014 1.123814 1.200993 1.021021 0.916459 1.006221 0.819724 0.926151 0.851101 0.973197 1.258275 1.025771 0.901198 0.883052 1.244843 0.927453 0.984889 1.134203 0.937737 1.183703 1.007538 0.994683 1.169053 1.021259 
1.030289 0.803395 1.053794 1.132021 0.844459 1.133678 1.218609 0.829084 0.855370 1.046921 0.848149 0.953023 0.955228 1.041711 1.227357 1.069610 0.986287 0.899133 0.942722 0.806529 0.940004 1.000478 0.807764 0.977704 1.020517 1.052269 1.157355 1.202194 0.943905 
1.176076 0.803395 0.963833 0.947096 1.126621 0.945231 0.973795 0.962138 0.795394 1.101512 0.822133 0.958594 1.078474 0.872578 0.822033 0.838258 1.021717 0.836672 1.235138 1.046480 1.249378 0.946035 1.118608 1.010716 1.061509 0.943825 
0.847435 0.910569 0.817353 1.084718 0.947742 1.037189 1.125585 1.056823 0.806586 1.195234 1.029918 0.910160 0.990448 0.943764 1.047604 1.218310 1.123829 0.852591 0.800723 
1.194306 1.140385 0.897480 1.180242 0.881444 1.121403 
1.062110 1.124619 0.806987 1.045768 1.177301 1.042743 0.906752 1.088588 0.884662 
1.159279 1.083815 0.825933 0.890047 0.931523 0.797894 1.103017 1.186787 1.189335 0.938017 0.903687 0.906344 0.867798 0.958466 1.250557 1.122328 1.114785 0.840637 0.964666 1.121301 0.943383 
1.183357 1.059927 0.825925 1.255201 1.133470 0.845452 1.152508 1.148735 0.850950 1.000937 0.893604 1.204730 1.217193 1.085055 0.954755 1.104729 1.125477 
0.895426 1.235933 0.796437 0.898626 0.963610 1.070264 1.018658 1.076308 0.825331 0.906463 0.804784 0.944888 1.049311 1.046477 1.098829 
1.151070 0.917657 0.796437 0.913164 1.231986 0.924116 1.067869 1.055276 0.811086 0.896111 0.803017 1.095432 1.004282 1.031428 1.134998 0.868540 0.805154 0.935385 0.948031 1.098450 1.086527 0.929515 1.088953 1.246965 
1.065747 0.999916 1.113504 0.850991 1.131694 0.938791 0.994979 0.897559 0.967939 0.975176 0.972771 1.028567 0.864123 1.047267 0.828523 1.003503 1.045299 
1.080664 0.806214 0.974280 1.009983 0.844877 1.191101 1.115515 1.018665 1.161008 1.223813 1.201468 
0.970796 1.234052 1.011494 0.962109 0.873917 0.892414 0.842147 0.809883 1.154854 0.938835 0.900865 1.252325 0.796783 0.821419 1.174454 1.229314 1.084626 1.234796 0.952768 1.158485 1.150514 1.151993 1.052955 0.997664 0.853619 0.932378 1.213126 1.185160 0.824744 1.117992 
1.005969 1.006159 1.053647 1.022082 0.831938 1.249444 0.859097 0.811573 1.038985 0.912432 1.075332 1.147853 1.203873 1.123552 0.892278 1.147150 0.842814 0.870518 
0.820150 1.152914 1.156509 1.017492 0.829549 0.835051 1.016105 1.066739 1.159753 0.957379 0.985556 0.852363 
0.802551 0.802847 1.030950 0.833784 0.940713 1.159440 0.826333 0.976961 0.978541 1.084710 1.219246 1.155331 0.980319 1.059045 0.847736 1.248986 1.200801 1.186805 1.029952 1.027183 1.016360 1.080829 0.811849 1.103756 
1.034437 0.930773 0.925433 0.833784 0.956970 1.097651 0.892749 1.100852 0.853492 0.956733 0.916769 0.866893 0.806095 1.020008 1.089958 0.808512 1.222953 1.157915 1.000047 1.152048 0.895142 0.978473 0.797621 1.075197 1.125062 1.012497 1.001952 0.900405 0.900260 1.239365 1.118551 
1.037743 1.063149 1.070668 0.813406 1.016667 0.888210 1.041300 1.095715 1.022201 1.066854 1.126651 0.799031 0.800063 0.802595 0.845246 0.921879 1.070407 0.977716 1.107988 0.795239 0.913868 1.051655 1.033185 
1.077933 0.800037 1.258202 0.996860 0.865924 0.927904 1.165314 1.177284 1.017675 1.092529 0.811708 1.252373 0.896330 1.112911 0.934939 0.973271 1.059444 1.160078 
0.837940 1.250899 0.892984 1.096830 1.178942 1.071100 0.794964 1.214903 1.155885 1.235055 1.006023 1.172705 1.233225 0.944848 1.223947 1.134656 1.015788 0.829742 1.217176 0.825506 0.880547 
1.162552 1.051799 0.802786 0.936323 1.099305 1.180280 0.796544 1.084569 0.995349 1.133119 0.882224 1.082423 1.030434 1.021024 0.838662 0.805885 0.935551 0.834297 0.981743 0.970527 0.947087 1.189564 0.876422 0.848022 1.112432 
0.896673 1.160437 0.947313 0.964099 1.167833 1.105530 0.816503 0.897099 1.193314 0.847410 1.043987 1.177301 0.858649 1.099230 1.041982 1.023878 0.902068 
1.239513 1.195541 0.893672 1.097562 1.218239 1.229824 1.040470 0.956926 0.854051 1.089046 1.097358 0.990745 0.901703 0.856085 
1.004119 1.253728 0.811414 1.119754 1.109066 1.078139 0.892671 0.870659 1.015270 0.910745 1.006807 1.128430 0.924902 0.834959 0.802972 0.992321 1.102334 0.883538 
0.898169 1.236690 0.941673 1.025692 1.011668 0.810711 1.193064 1.177279 1.103668 1.136841 1.244088 1.254909 1.107955 0.958024 0.912437 1.036267 1.197460 0.978644 0.968168 1.038010 1.076308 0.840062 0.869836 1.046194 1.103422 1.111040 1.090326 0.821153 1.154616 1.191942 0.916465 
1.191295 1.174641 1.113120 0.965922 1.100007 0.829498 1.009963 0.840144 0.921840 1.130953 1.091077 0.819319 1.037370 1.210632 0.884827 0.927535 0.994170 0.896806 0.951818 1.011542 0.988129 0.955588 0.928229 1.042001 0.910887 1.106772 1.125095 1.125595 1.000080 1.102107 0.954119 0.972486 0.858814 1.006630 
1.191781 1.224809 1.255044 0.999082 1.146113 1.220280 1.060884 1.043768 0.898238 0.834085 0.822229 0.811031 1.134361 1.117525 1.084484 0.982495 0.916790 1.090857 1.176255 1.219292 0.984682 1.111926 
1.225764 1.150354 0.962742 1.117639 1.121887 0.926919 0.852073 1.175204 1.099655 0.799721 1.181138 1.253965 0.896174 1.070427 1.177159 1.058081 1.058020 
1.142414 1.114799 0.926418 0.811370 0.796567 1.224669 0.956713 1.171076 1.154365 1.057160 1.171697 1.115188 1.206377 1.148191 1.189351 0.946331 0.847130 
