0.000000 0.015552
0.000000 0.010518
0.000000 0.020826
0.000000 0.024442
0.000000 0.027224
0.000000 0.043731
0.000000 0.027033
0.000000 0.017788
0.000000 0.012768
0.000000 0.018469
0.000000 0.013505
0.000000 0.011357
0.000000 0.025345
0.000000 0.019041
0.000000 0.011705
0.000000 0.008990
0.000000 0.007835
0.000000 0.010073
0.000000 0.021686
0.000000 0.018437
0.000000 0.014405
0.000000 0.012740
0.000000 0.029772
0.000000 0.032087
0.000000 0.046379
0.000000 0.010881
0.000000 0.015173
0.000000 0.199751
0.000000 0.022622
0.000000 0.020308
0.000000 0.029509
0.000000 0.015849
0.000000 0.015230
0.000000 0.040223
0.000000 0.017198
0.000000 0.021296
0.000000 0.014090
0.000000 0.006042
0.000000 0.013307
0.000000 0.014591
0.000000 0.023840
0.000000 0.009406
0.000000 0.009236
0.000000 0.021153
0.000000 0.008867
0.000000 0.011105
0.000000 0.008837
0.000000 0.026610
0.000000 0.010610
0.000000 0.016095
0.000000 0.008839
0.000000 0.037531
0.000000 0.011887
0.000000 0.015752
0.000000 0.016670
0.000000 0.017618
0.000000 0.025951
0.000000 0.014484
0.000000 0.012653
0.000000 0.012126
0.000000 0.027726
0.000000 0.020117
0.000000 0.011188
0.000000 0.055516
0.000000 0.007477
0.000000 0.019649
0.000000 0.008264
0.000000 0.024887
0.000000 0.015394
0.000000 0.007051
0.000000 0.016090
0.000000 0.022250
0.000000 0.009168
0.000000 0.032662
0.000000 0.016410
0.000000 0.059167
0.000000 0.029469
0.000000 0.006886
0.000000 0.013947
0.000000 0.014873
0.000000 0.017098
0.000000 0.018274
0.000000 0.018499
0.000000 0.025561
0.000000 0.009967
0.000000 0.012531
0.000000 0.016115
0.000000 0.017865
0.000000 0.007543
0.000000 0.119311
0.000000 0.015662
0.000000 0.038064
0.000000 0.022117
0.000000 0.021454
0.000000 0.020464
0.000000 0.024672
0.000000 0.009861
0.000000 0.013382
0.000000 0.009850
0.000000 0.017742
0.000000 0.010902
0.000000 0.014761
0.000000 0.015911
0.000000 0.014400
0.000000 0.018899
0.000000 0.013980
0.000000 0.012007
0.000000 0.007822
0.000000 0.011308
0.000000 0.011475
0.000000 0.020097
0.000000 0.027022
0.000000 0.032589
0.000000 0.017672
0.000000 0.022262
0.000000 0.014987
0.000000 0.009257
0.000000 0.011725
0.000000 0.029977
0.000000 0.031908
0.000000 0.062191
0.000000 0.023471
0.000000 0.086073
0.000000 0.150675
0.000000 0.080358
0.000000 0.012797
0.000000 0.013857
0.000000 0.009650
0.000000 0.013471
0.000000 0.014901
0.000000 0.012982
0.000000 0.015296
0.000000 0.025239
0.000000 0.031142
0.000000 0.015559
0.000000 0.013627
0.000000 0.012404
0.000000 0.017572
0.000000 0.017696
0.000000 0.050070
0.000000 0.013365
0.000000 0.013932
0.000000 0.008054
0.000000 0.020777
0.000000 0.016277
0.000000 0.013900
0.000000 0.017072
0.000000 0.026212
0.000000 0.010771
0.000000 0.014044
0.000000 0.013092
0.000000 0.019192
0.000000 0.016785
0.000000 0.016055
0.000000 0.014752
0.000000 0.034799
0.000000 0.013535
0.000000 0.034252
0.000000 0.030697
0.000000 0.010220
0.000000 0.060653
0.000000 0.018672
0.000000 0.025364
0.000000 0.029431
0.000000 0.013786
0.000000 0.008776
0.000000 0.013298
0.000000 0.014612
0.000000 0.011031
0.000000 0.017840
0.000000 0.012924
0.000000 0.012561
0.000000 0.009061
0.000000 0.009054
0.000000 0.010653
0.000000 0.010326
0.000000 0.022622
0.000000 0.015014
0.000000 0.013472
0.000000 0.014847
0.000000 0.022463
0.000000 0.020021
0.000000 0.013901
0.000000 0.009553
0.000000 0.019174
0.000000 0.028592
0.000000 0.021531
0.000000 0.012077
0.000000 0.023484
0.000000 0.012355
0.000000 0.013050
0.000000 0.029252
0.000000 0.017068
0.000000 0.012120
0.000000 0.063250
0.000000 0.017721
0.000000 0.024725
0.000000 0.023586
0.000000 0.012228
0.000000 0.095631
0.000000 0.021254
0.000000 0.078112
0.000000 0.038315
0.000000 0.033653
0.000000 0.015492
0.000000 0.016376
0.000000 0.022798
0.000000 0.021900
0.000000 0.018145
0.000000 0.014663
0.000000 0.024393
0.000000 0.040981
0.000000 0.013812
0.000000 0.011114
0.000000 0.021135
0.000000 0.039885
0.000000 0.010401
0.000000 0.028540
0.000000 0.014383
0.000000 0.027984
0.000000 0.012253
0.000000 0.016637
0.000000 0.020869
0.000000 0.035813
0.000000 0.013514
0.000000 0.011927
0.000000 0.014612
0.000000 0.017486
0.000000 0.014366
0.000000 0.039420
0.000000 0.016705
0.000000 0.017415
0.000000 0.012709
0.000000 0.015675
0.000000 0.023440
0.000000 0.040487
0.000000 0.015835
0.000000 0.015969
0.000000 0.017167
0.000000 0.008882
0.000000 0.020512
0.000000 0.026854
0.000000 0.009413
0.000000 0.008838
0.000000 0.031332
0.000000 0.010916
0.000000 0.014620
0.000000 0.013052
0.000000 0.013932
0.000000 0.026391
0.000000 0.022455
0.000000 0.029809
0.000000 0.027743
0.000000 0.017077
0.000000 0.031777
0.000000 0.025379
0.000000 0.015887
0.000000 0.010328
0.000000 0.011748
0.000000 0.010183
0.000000 0.020112
0.000000 0.019704
0.000000 0.012264
0.000000 0.013821
0.000000 0.016928
0.000000 0.013064
0.000000 0.013488
0.000000 0.013841
0.000000 0.026529
0.000000 0.016545
0.000000 0.014046
0.000000 0.012265
0.000000 0.021532
0.000000 0.010449
0.000000 0.031733
0.000000 0.016540
0.000000 0.027230
0.000000 0.015441
0.000000 0.012400
0.000000 0.010689
0.000000 0.020846
0.000000 0.018159
0.000000 0.009270
0.000000 0.016334
0.000000 0.013431
0.000000 0.020712
0.000000 0.025334
0.000000 0.011141
0.000000 0.017248
0.000000 0.036153
0.000000 0.013703
0.000000 0.021483
0.000000 0.017209
0.000000 0.032656
0.000000 0.026502
0.000000 0.009708
0.000000 0.018311
0.000000 0.010405
0.000000 0.008204
0.000000 0.008272
0.000000 0.017652
0.000000 0.018415
0.000000 0.034191
0.000000 0.021441
0.000000 0.030097
0.000000 0.024534
0.000000 0.015043
0.000000 0.010189
0.000000 0.018213
0.000000 0.012427
0.000000 0.072386
0.000000 0.023909
0.000000 0.015780
0.000000 0.014249
0.000000 0.009638
0.000000 0.029019
0.000000 0.025700
0.000000 0.012915
0.000000 0.010735
0.000000 0.015462
0.000000 0.020689
0.000000 0.035547
0.000000 0.009928
0.000000 0.012938
0.000000 0.030890
0.000000 0.009800
0.000000 0.008970
0.000000 0.009755
0.000000 0.013835
0.000000 0.015961
0.000000 0.039242
0.000000 0.020763
0.000000 0.043656
0.000000 0.013780
0.000000 0.010503
0.000000 0.012584
0.000000 0.018451
0.000000 0.015872
0.000000 0.025420
0.000000 0.008951
0.000000 0.021990
0.000000 0.047406
0.000000 0.017255
0.000000 0.025694
0.000000 0.108635
0.000000 0.052585
0.000000 0.032444
0.000000 0.015368
0.000000 0.029180
0.000000 0.029715
0.000000 0.015465
0.000000 0.011349
0.000000 0.018083
0.000000 0.017402
0.000000 0.064796
0.000000 0.016434
0.000000 0.017121
0.000000 0.081334
0.000000 0.013314
0.000000 0.013639
0.000000 0.013669
0.000000 0.026665
0.000000 0.014003
0.000000 0.012841
0.000000 0.025201
0.000000 0.020194
0.000000 0.019152
0.000000 0.035688
0.000000 0.024886
0.000000 0.067133
0.000000 0.013640
0.000000 0.015653
0.000000 0.009335
0.000000 0.006066
0.000000 0.014849
0.000000 0.049584
0.000000 0.021974
0.000000 0.007172
0.000000 0.009932
0.000000 0.037245
0.000000 0.009570
0.000000 0.010355
0.000000 0.029653
0.000000 0.012261
0.000000 0.023544
0.000000 0.047369
0.000000 0.015404
0.000000 0.015355
0.000000 0.012310
0.000000 0.014246
0.000000 0.022706
0.000000 0.013936
0.000000 0.028655
0.000000 0.026895
0.000000 0.011021
0.000000 0.011334
0.000000 0.008502
0.000000 0.015486
0.000000 0.034172
0.000000 0.021358
