  0.147478 176.508795
  0.147862 179.177767
  0.149139 170.181304
  0.147329 163.000432
  0.150088 178.430057
  0.144503 177.057661
  0.147184 178.657505
  0.157944 176.300992
  0.143972 180.470143
  0.147908 182.999576
  0.147118 172.264462
  0.137122 178.489036
  0.149333 180.435016
  0.147367 180.793196
  0.155888 171.983940
  0.142136 174.429734
  0.145137 184.479360
  0.147552 179.890631
  0.143927 193.021020
  0.151815 182.116981
  0.146549 174.671699
  0.151383 180.191078
  0.142808 166.887662
  0.138979 179.675748
  0.140398 181.238118
  0.141299 179.149044
  0.147055 180.423027
  0.131095 178.081247
  0.143542 177.131999
  0.145654 177.530793
  0.150200 179.450079
  0.150538 172.624680
  0.145292 179.477851
  0.147095 180.445147
  0.139417 185.766862
  0.139001 179.978309
  0.154652 176.287489
  0.150559 175.950684
  0.142470 176.105919
  0.154816 178.382389
  0.154283 167.264493
  0.157534 173.454449
  0.148638 176.922364
  0.145158 186.780026
  0.154652 176.021073
  0.147767 176.442024
  0.151527 185.430260
  0.142312 193.735951
  0.146583 173.689524
  0.151206 178.639142
  0.149135 177.229173
  0.156914 174.346206
  0.148333 176.818857
  0.141827 166.165395
  0.140346 174.846341
  0.143189 173.673366
  0.151814 175.472191
  0.142798 166.728935
  0.155444 167.286571
  0.155869 172.656202
  0.151669 176.608721
  0.146820 179.289144
  0.149968 188.471423
  0.149291 174.728585
  0.146928 176.013106
  0.152389 180.677976
  0.158269 176.866274
  0.149391 178.088918
  0.145773 183.069080
  0.146197 180.572524
  0.149709 168.574076
  0.145958 169.546921
  0.150952 173.697479
  0.149929 173.018612
  0.145448 171.713528
  0.145156 184.147074
  0.154861 170.221786
  0.140816 174.658807
  0.155049 169.934015
  0.152008 168.199674
  0.153340 165.483754
  0.150956 173.108115
  0.141656 177.318570
  0.135709 163.514525
  0.145509 177.271657
  0.141774 177.879145
  0.149324 180.049459
  0.149432 180.894130
  0.144337 178.533991
  0.143943 171.624271
  0.140479 182.841212
  0.139121 180.769199
  0.149561 169.742727
  0.140505 178.274381
  0.147773 174.780056
  0.146480 175.079661
  0.154238 172.455949
  0.148370 186.594082
  0.150072 179.556995
  0.153788 176.782440
  0.151472 183.296884
  0.156439 174.203152
  0.152125 168.840852
  0.154236 184.039665
  0.145359 176.335636
  0.141628 175.666806
  0.146864 182.551786
  0.147489 169.501097
  0.153432 173.696302
  0.150467 171.946450
  0.147455 178.622220
  0.138172 181.602909
  0.143750 180.422052
  0.144978 169.604857
  0.153444 182.456434
  0.148101 169.511451
  0.148644 172.134278
  0.149040 176.425478
  0.144273 174.283490
  0.146411 175.982769
  0.145761 171.810889
  0.147424 172.550455
  0.145793 179.148653
  0.146496 177.208934
  0.155841 177.675620
  0.144745 174.653811
  0.148679 181.641588
  0.139789 181.859044
  0.149916 178.072581
  0.141094 174.696928
  0.153794 182.066445
  0.143368 191.682539
  0.146330 178.293297
  0.147805 180.239548
  0.150614 174.240055
  0.144094 185.036271
  0.142471 180.634538
  0.155896 175.483364
  0.152771 175.416824
  0.141400 173.056622
  0.144333 172.182022
  0.136451 171.827923
  0.144052 185.245084
  0.141606 173.184730
  0.148765 172.861659
  0.143238 176.258677
  0.151240 178.341603
  0.145776 172.701256
  0.131819 177.995229
  0.150646 182.686988
  0.139412 179.070584
  0.147119 176.539521
  0.143942 170.083585
  0.143677 172.777884
  0.149407 172.104589
  0.156351 180.374456
  0.151845 177.828150
  0.138045 169.088969
  0.134424 176.620003
  0.137871 179.627920
  0.136944 179.746768
  0.143238 170.740585
  0.143990 181.443032
  0.141834 184.143529
  0.151945 176.585680
  0.149399 176.068717
  0.152024 162.185498
  0.146510 172.085817
  0.153721 177.361865
  0.142911 174.705272
  0.156743 181.098768
  0.150983 183.951060
  0.135194 178.417240
  0.145352 173.634569
  0.150256 183.802386
  0.143365 173.959514
  0.143071 175.540856
  0.142653 175.562781
  0.146662 180.897719
  0.167117 175.871708
  0.150009 176.798772
  0.137549 177.944715
  0.148085 176.560764
  0.147110 182.170066
  0.154827 173.088654
  0.145736 178.207297
  0.143813 178.512452
  0.151285 168.689036
  0.148208 171.991205
  0.144384 181.716672
  0.146587 170.454999
  0.141316 179.872260
  0.144555 177.263969
  0.138522 173.892331
  0.147794 174.152964
  0.145779 177.070069
  0.141042 171.948923
  0.159252 175.119236
  0.151927 175.687486
  0.152257 171.275927
  0.150279 174.575965
  0.167466 168.800934
  0.151734 184.860050
  0.152827 170.443972
  0.139850 175.871610
  0.135798 174.747718
  0.144951 181.181567
  0.141496 171.834644
  0.145451 171.166188
  0.138688 174.571416
  0.152086 178.273935
  0.156446 176.716397
  0.158920 173.170996
  0.145560 177.742652
  0.144500 175.554954
  0.151039 176.936234
  0.139440 177.255953
  0.143955 181.213296
  0.153450 181.100827
  0.149569 179.514880
  0.150268 181.111693
  0.143409 169.754970
  0.145715 184.506489
  0.159213 168.654683
  0.137868 177.213158
  0.151916 171.542705
  0.153712 175.213293
  0.142402 169.292602
  0.142856 173.139333
  0.141610 181.716369
  0.142938 180.644664
  0.137925 177.569676
  0.149812 175.989835
  0.144454 175.120620
  0.151193 180.880876
  0.144946 187.484567
  0.153024 174.927883
  0.165484 172.498065
  0.155909 176.054516
  0.150563 168.295539
  0.148439 178.041046
  0.147335 185.732231
  0.153150 172.535783
  0.157081 173.946133
  0.146289 179.120433
  0.147470 181.890028
  0.159623 173.823212
  0.146526 169.991330
  0.150541 174.520906
  0.145883 180.482271
  0.140171 171.894144
  0.142820 179.402919
  0.153480 167.350779
  0.148377 179.400308
  0.141845 176.400497
  0.141761 186.490832
  0.143488 175.280761
  0.151041 188.315369
  0.146669 178.839040
  0.152657 183.747924
  0.152953 171.772626
  0.150983 176.753038
  0.156134 174.588636
  0.148823 166.722661
  0.146284 171.352022
  0.154849 171.641996
  0.146235 186.459155
  0.152364 176.226762
  0.145705 178.281207
  0.140106 183.480796
  0.144162 187.929335
  0.148314 177.944629
  0.140833 182.940772
  0.149257 181.527354
  0.147191 178.726117
  0.147028 175.138557
  0.151345 175.622849
  0.151664 167.783532
  0.154944 172.103487
  0.145446 189.154529
  0.147963 163.704495
  0.136857 181.050747
  0.140980 181.542778
  0.147886 172.955505
  0.151457 168.040685
  0.155256 173.576790
  0.144661 183.368057
  0.148961 175.182152
  0.140554 183.693467
  0.143343 174.406310
  0.143192 179.457722
  0.151554 173.951233
  0.152198 177.520402
  0.151855 173.870544
  0.150755 197.300628
  0.147518 167.880559
  0.141316 172.892371
  0.137808 178.351269
  0.140281 172.262989
  0.149273 173.491159
  0.153509 171.099072
  0.149866 171.846306
  0.148382 181.102371
  0.153557 176.607245
  0.161577 185.954064
  0.146694 177.094409
  0.136464 179.924999
  0.141758 172.345992
  0.146401 170.670072
  0.150793 185.443141
  0.146079 181.304667
  0.144980 171.329188
  0.157891 169.837728
  0.149882 167.301054
  0.151494 174.702612
  0.150507 177.584866
  0.146153 173.314138
  0.143955 170.674701
  0.151995 175.067928
  0.149240 179.233274
  0.146738 178.789995
  0.149018 185.454370
  0.149504 182.045366
  0.150516 178.020215
  0.144493 183.741578
  0.154116 190.599661
  0.149886 176.844752
  0.146284 171.466212
  0.156095 178.322862
  0.151695 179.983772
  0.147654 175.348340
  0.160217 175.292997
  0.148751 180.937016
  0.150422 176.202839
  0.151803 184.579282
  0.149673 174.613482
  0.147401 170.319066
  0.145887 178.520906
  0.141657 174.288556
  0.149987 185.317175
  0.147588 172.065648
  0.135918 176.176674
  0.150587 173.531784
  0.143164 185.597680
  0.144316 178.274372
  0.151383 170.411444
  0.145780 186.591337
  0.138393 170.544509
  0.146115 179.809701
  0.155175 177.757832
  0.158893 182.176616
  0.145885 184.922615
  0.141392 179.176696
  0.156639 166.781367
  0.142566 178.149824
  0.142934 181.228936
  0.157806 166.689181
  0.143042 172.846303
  0.154198 174.108344
  0.145203 183.866235
  0.142313 180.240652
  0.140021 179.618295
  0.141747 183.938086
  0.146543 172.599204
  0.142312 168.417810
  0.147628 182.576156
  0.148444 175.705528
  0.136952 175.884779
  0.155535 164.813496
  0.143466 184.804806
  0.146601 182.632387
  0.153369 173.676601
  0.151470 185.620189
  0.155637 181.744321
  0.153896 179.429310
  0.144597 171.886526
  0.157218 171.814250
  0.146094 181.255166
  0.143832 185.258834
  0.152756 177.262871
  0.158045 180.811497
  0.153216 169.522075
  0.142167 170.654569
  0.140710 179.436974
  0.148462 196.710075
  0.151301 175.048579
  0.145085 178.981268
  0.153853 185.385482
  0.151505 181.784314
  0.150393 171.467352
  0.143267 175.349205
  0.151724 183.037654
  0.151093 189.094990
  0.142189 182.478624
  0.153365 180.401124
  0.139295 182.806859
  0.147939 180.161818
  0.153055 191.448221
  0.148330 174.599356
  0.142652 183.810578
