 0.079159  1.246975
 0.346803  0.906841
 0.469137  1.040749
 0.632765  0.976954
 0.607570  1.701668
 0.680948  0.894797
 0.325738  1.698198
 0.198139  0.960093
 0.384931  1.217200
 0.217547  1.185569
 0.208314  1.538465
 0.191805  0.935659
 0.297917  1.130697
 0.424803  1.496364
 0.521629  1.112061
 0.237102  0.733491
 0.476982  0.988052
 0.401286  1.421557
 0.290455  1.026911
 0.924183  1.548467
 0.504998  1.310636
 0.419785  1.121709
 0.531151  1.341719
 0.464143  1.435798
 0.512867  1.433793
 0.602931  1.141254
 0.277099  2.522420
 0.223658  0.904796
 0.173878  1.244324
 0.170462  1.075115
 0.731539  1.206625
 0.646387  1.057691
 0.384235  0.910403
 0.161540  0.973349
 0.258839  1.326209
 0.139500  1.429723
 0.226679  1.976452
 0.409289  1.076017
 0.377288  1.046107
 0.537911  1.213692
 0.617110  2.262598
 0.526027  0.930315
 0.236387  1.739094
 0.226159  0.953894
 0.456047  1.354076
 0.648742  1.449645
 0.676215  1.481420
 0.722332  1.891977
 0.666308  1.139874
 0.506315  1.392447
 0.294704  0.918946
 0.381277  0.836333
 0.344660  1.207316
 0.277423  1.196957
 0.164188  1.109123
 0.195067  1.523139
 0.292665  0.924393
 0.242879  1.371820
 0.282700  1.386882
 0.468179  1.700753
 0.433822  1.025944
 0.626824  1.440600
 0.679953  1.568477
 0.584023  1.067802
 0.457730  1.083124
 0.178298  3.078895
 0.588268  1.473451
 0.276274  1.101579
 0.346818  0.894316
 0.325954  1.729150
 0.271226  1.418894
 0.216035  1.241669
 0.267333  1.083822
 0.525657  1.347467
 0.335949  1.044427
 0.028864  0.960015
 0.062587  1.009705
 0.142867  1.560598
 0.288833  1.102122
 0.278730  2.639909
 0.252798  1.147870
 0.204551  1.439156
 0.190305  1.033321
 0.204106  1.824689
 0.218052  1.710499
 0.362082  1.991055
 0.399526  1.306356
 0.316789  1.090936
 0.132816  1.500433
 0.207590  1.241482
 0.460317  1.235449
 0.646251  1.318965
 0.502567  1.386578
 0.438941  1.214772
 0.463229  1.369317
 0.821118  1.493712
 0.521442  1.659583
 0.372779  1.905090
 0.317907  0.905649
 0.340099  1.208740
 0.474442  2.040837
 0.547821  0.958806
 0.213863  1.049308
 0.199240  1.011129
 0.068258  1.224588
 0.188072  1.432925
 0.393769  1.220917
 0.199991  1.292105
 0.524264  1.271303
 0.328436  1.006208
 0.482141  1.202044
 0.490143  1.317125
 0.559836  1.613484
 0.484722  1.757283
 0.716687  1.134534
 0.724398  1.341995
 0.587667  1.522664
 0.335689  1.290402
 0.424040  1.172984
 0.508514  1.290313
 0.459784  0.863458
 0.294897  0.863246
 0.362082  1.563033
 0.131216  1.717264
 0.452401  0.981335
 0.072461  1.091070
 0.233506  1.448612
 0.260847  1.100602
 0.414543  1.042500
 0.514696  1.209870
 0.456429  1.162318
 0.434611  1.734848
 0.376607  1.216225
 0.530337  0.950684
 0.606976  1.463579
 0.267847  0.882874
 0.347603  1.036253
 0.490868  1.083386
 0.702992  0.838702
 0.573336  1.291301
 0.622303  1.168594
 0.487578  1.315781
 0.287538  1.238995
 0.194025  1.601988
 0.178759  0.901040
-0.099256  1.062558
 0.225258  1.384801
 0.023249  1.258269
 0.326668  1.177556
 0.232638  1.017703
 0.026702  1.525372
 0.188839  0.940492
 0.435462  1.057239
 0.299243  1.265545
 0.389384  1.334718
 0.279154  1.291774
 0.198935  1.320932
 0.255359  1.579914
 0.146574  1.277418
 0.139018  1.287962
 0.313728  1.362596
 0.250924  1.602388
 0.183381  1.146225
 0.240796  1.312538
 0.194699  1.700872
 0.100943  1.278471
 0.208081  1.324990
 0.129745  0.915837
 0.374113  1.504756
 0.382381  1.912711
 0.228765  1.228577
 0.449985  1.230649
 0.443288  2.087438
 0.434506  1.263935
 0.549313  1.440511
 0.468194  1.329433
 0.534782  1.813139
 0.518354  1.111860
 0.644206  1.243692
 1.026694  2.701944
 0.810313  1.784393
 0.433915  1.322866
 0.472311  1.785533
 0.345633  1.413098
 0.342523  1.679184
 0.379224  1.334681
 0.236627  1.914034
 0.380426  1.028363
 0.496450  1.558183
 0.367869  1.463769
 0.398916  1.092246
 0.264877  1.641469
 0.477578  1.502392
 0.021038  1.158626
 0.488834  0.871623
 0.529699  1.289459
 0.855742  1.678473
 0.734666  0.981456
 0.634275  1.432570
 0.422636  1.120186
 0.598219  0.998235
 0.303808  1.631832
 0.505527  1.406481
 0.384197  1.260787
 0.502254  0.977995
 0.494296  2.319798
 0.674339  1.579355
 0.492513  1.454770
 0.556543  1.449799
 0.530245  1.047189
 0.533908  1.744221
 0.420084  0.819530
 0.508934  0.970067
 0.500696  1.778694
 0.551892  1.410635
 0.751361  1.174810
 0.680742  1.546619
 0.504838  1.387630
 0.263967  1.115344
 0.307082  1.220131
 0.487771  0.990919
 0.243017  1.092354
 0.554061  1.260270
 0.409070  1.915737
 0.050286  1.048889
 0.200216  1.316050
 0.153291  1.504701
 0.095859  1.120412
 0.188283  1.757502
 0.053615  1.433960
 0.087420  0.849884
 0.356816  2.578514
 0.604693  1.759865
 0.497366  1.488937
 0.442602  0.703319
 0.326178  1.377073
 0.212635  0.925401
 0.252678  1.075174
 0.041587  1.291683
 0.130041  0.985281
 0.184856  1.182902
 0.419150  1.270179
 0.482931  1.398801
 0.504416  1.087783
 0.628369  1.819519
 0.323777  1.113186
 0.202015  1.745256
 0.173008  1.568976
 0.047703  1.775163
 0.285535  1.304559
 0.503937  0.839458
 0.487724  1.238050
 0.676439  1.132258
 0.680961  1.110411
 0.538966  0.898727
 0.530433  0.864144
 0.124764  1.339189
 0.080039  1.232465
 0.192916  1.300079
 0.180527  1.565169
 0.369276  1.089622
 0.360845  0.901600
 0.465759  0.980089
 0.205656  1.111373
 0.304330  1.226995
 0.540557  1.144853
 0.592433  1.215061
 0.571405  1.265822
 0.444114  0.853765
 0.374613  1.149409
 0.195004  1.593451
 0.611986  1.591674
 0.096213  1.542106
-0.021179  1.283884
 0.247261  1.138607
 0.220026  0.739058
 0.479937  1.065121
 0.343345  1.164095
 0.470552  0.774906
 0.415349  1.027068
 0.606995  1.558689
 0.469594  1.979985
 0.548270  2.729117
 0.633343  1.172417
 0.438892  2.399592
 0.396037  0.858628
 0.268893  1.729469
 0.493483  1.104518
 0.480191  2.051158
 0.448276  1.094203
 0.584008  2.895700
 0.767755  0.910390
 0.859110  0.938436
 0.823600  0.721279
 0.480977  3.002417
 0.485872  1.070555
 0.311480  1.282540
 0.255860  1.438273
 0.238729  1.198675
 0.275763  1.127624
 0.333365  1.186485
 0.357402  0.832326
 0.535610  0.873772
 0.579985  1.038310
 0.624022  1.297064
 0.598354  1.080265
 0.404646  1.175563
 0.277581  1.059659
-0.004876  1.355204
 0.316166  1.044732
-0.067378  1.177377
 0.199369  1.249814
 0.291186  2.199997
 0.022734  1.944994
 0.098196  0.960462
 0.214711  1.097048
 0.176839  1.000092
 0.175874  1.099830
 0.380200  1.651650
 0.222100  1.098876
 0.495853  0.953952
 0.448464  1.014756
 0.464042  1.524364
 0.354675  2.392340
 0.405767  1.346641
 0.193202  1.190775
 0.358837  1.156979
 0.517133  2.048058
 0.627861  1.627631
 0.496234  0.984331
 0.452719  1.038134
 0.239470  0.696405
 0.534120  0.993178
 0.812981  1.970926
 0.737484  1.395047
 0.312241  1.388391
 0.006030  1.230539
 0.406597  0.812163
 0.285801  0.809840
 0.370815  0.973349
 0.225046  1.287197
 0.385725  1.060163
 0.111770  1.105988
 0.251461  0.773979
-0.072452  1.228281
 0.194458  1.219636
 0.288617  1.598267
 0.391191  1.079199
 0.164253  1.471153
 0.422477  2.413933
 0.466802  1.566514
 0.170463  1.226318
 0.357705  1.605395
 0.586056  1.209404
 1.045841  1.561127
 0.388520  1.118543
 0.733324  0.922566
 0.607591  2.017974
 0.487750  0.882713
 0.393362  1.314769
 0.535781  1.253366
 0.481518  1.365146
 0.360208  1.719518
 0.338801  1.131533
 0.383612  1.133289
 0.438496  1.723005
 0.289408  1.395788
 0.426675  0.999164
 0.570368  1.331223
 0.346813  0.799043
 0.315916  1.222327
 0.104406  1.054859
 0.310493  1.200345
 0.268227  1.359858
 0.484055  1.448257
 0.562371  1.422970
 0.467696  1.674274
 0.462836  1.259810
 0.549003  1.194570
 0.363321  1.149954
 0.295823  1.232344
 0.320602  0.852676
 0.226928  1.748591
 0.218010  0.936690
 0.249841  1.197785
 0.267544  1.106871
 0.252015  1.216317
 0.395248  1.569235
 0.443884  1.376717
 0.593499  1.319672
 0.087073  1.802081
 0.278495  0.942048
 0.398852  1.675324
 0.355737  1.268134
 0.565147  2.017751
 0.231722  1.590563
 0.418612  1.002524
 0.591445  0.955787
 0.509245  1.001952
 0.611967  0.934542
