-21.124638  55.694336   4.000000
-21.322109  55.532832   1.000000
-20.950399  55.625120   1.000000
-21.008478  55.648192   8.000000
-20.927167  55.625120   1.000000
-20.938783  55.648192   5.000000
-20.915551  55.602048   1.000000
-21.217566  55.463616   2.000000
-20.985247  55.648192   2.000000
-21.101406  55.694336   1.000000
-21.147870  55.325184   2.000000
-21.020094  55.671264   5.000000
-21.322109  55.625120   1.000000
-20.985247  55.602048   1.000000
-21.252414  55.486688   1.000000
-21.043326  55.532832   1.000000
-20.996862  55.348256   1.000000
-21.205950  55.809696   1.000000
-21.159486  55.486688   1.000000
-21.043326  55.255968   1.000000
-21.310493  55.509760   1.000000
-20.915551  55.463616   1.000000
-21.205950  55.578976   1.000000
-21.078174  55.694336   1.000000
-20.892319  55.509760   1.000000
-21.264030  55.371328   2.000000
-21.298877  55.486688   1.000000
-21.345341  55.486688   1.000000
-21.078174  55.279040   1.000000
-21.287261  55.463616   1.000000
-21.356957  55.740480   1.000000
-21.345341  55.578976   1.000000
-21.356957  55.555904   1.000000
-20.973631  55.486688   1.000000
-20.892319  55.463616   1.000000
-21.101406  55.648192   1.000000
-21.089790  55.302112   1.000000
-21.194334  55.325184   1.000000
