0.241885 0.342089 0.330861 0.346382 0.329059 0.346403 0.369987 0.375940 0.335304 0.202294 0.358464 0.333388 0.363590 0.348960 0.380406 0.373911 0.389685 0.312517 0.360527 0.368679 0.403407 0.391080 0.323396 0.372736 0.298342 0.365488 0.327021 0.352591 0.337409 0.377859 0.292857 0.369463 0.382972 0.365267 0.368245 0.345916 0.390060 0.372745
0.342089     -nan 0.353927 0.344863 0.323897 0.337248 0.361224 0.375735 0.350007 0.325291 0.349126 0.340136 0.296877 0.338601 0.365382 0.355990 0.357248 0.287537 0.351486 0.363163 0.407580 0.371813 0.333811 0.342831 0.347811 0.320583 0.286455 0.302359 0.327057 0.415306 0.413349 0.340823 0.393724 0.364654 0.384171 0.299081 0.411050 0.358491
0.330861 0.353927     -nan 0.350807 0.239323 0.252380 0.265237 0.363149 0.309478 0.341076 0.359416 0.334335 0.375255 0.239332 0.396825 0.351454 0.392953 0.344269 0.349059 0.372154 0.422154 0.377372 0.370722 0.391676 0.368046 0.382014 0.345949 0.405009 0.362842 0.389496 0.376537 0.367920 0.424512 0.410453 0.400936 0.395794 0.401606 0.397563
0.346382 0.344863 0.350807 0.293510 0.316861 0.328532 0.372551 0.366266 0.308124 0.359521 0.364129 0.294763 0.374068 0.332217 0.369669 0.316690 0.377254 0.341168 0.346422 0.368888 0.409666 0.382398 0.279156 0.366182 0.361533 0.364762 0.324785 0.405117 0.346796 0.436066 0.384817 0.369808 0.384791 0.358257 0.378615 0.381909 0.386095 0.370182
0.329059 0.323897 0.239323 0.316861     -nan 0.225452 0.265709 0.345484 0.286518 0.322214 0.353050 0.303606 0.373616 0.218709 0.398281 0.317165 0.353905 0.334433 0.310055 0.348859 0.412617 0.371195 0.307570 0.356778 0.355573 0.371568 0.336643 0.382866 0.314942 0.420048 0.361337 0.344931 0.376063 0.357015 0.342815 0.391694 0.404506 0.355013
0.346403 0.337248 0.252380 0.328532 0.225452 0.250032 0.295556 0.359234 0.303123 0.354909 0.354083 0.318325 0.380531 0.219414 0.389274 0.335370 0.373009 0.336616 0.330353 0.365843 0.410617 0.380119 0.333463 0.367651 0.367411 0.377460 0.332865 0.393014 0.351057 0.427200 0.391627 0.355252 0.383751 0.368556 0.386049 0.392229 0.393328 0.372361
0.369987 0.361224 0.265237 0.372551 0.265709 0.295556     -nan 0.402461 0.329159 0.380619 0.383928 0.340640 0.426294 0.285208 0.408580 0.365347 0.359619 0.382056 0.374224 0.356468 0.418361 0.442373 0.357599 0.417679 0.398168 0.403572 0.372659 0.415089 0.404503 0.463307 0.402611 0.341410 0.388779 0.411729 0.401841 0.415499 0.433710 0.383760
0.375940 0.375735 0.363149 0.366266 0.345484 0.359234 0.402461 0.356302 0.346484 0.396452 0.298875 0.372770 0.393969 0.365222 0.309692 0.412218 0.360904 0.356157 0.293599 0.367368 0.343840 0.322947 0.362025 0.307467 0.379427 0.350641 0.304435 0.419287 0.340822 0.443271 0.416265 0.346840 0.399751 0.315563 0.428964 0.407138 0.269632 0.363663
0.335304 0.350007 0.309478 0.308124 0.286518 0.303123 0.329159 0.346484 0.313754 0.344767 0.345675 0.301462 0.370164 0.315253 0.362733 0.328177 0.344716 0.325135 0.343104 0.340791 0.385909 0.364641 0.322848 0.362055 0.351993 0.348400 0.319633 0.373306 0.336947 0.408605 0.378010 0.335017 0.370969 0.355779 0.386167 0.365158 0.379568 0.366712
0.202294 0.325291 0.341076 0.359521 0.322214 0.354909 0.380619 0.396452 0.344767     -nan 0.374731 0.350827 0.371728 0.365657 0.416723 0.380952 0.392351 0.321244 0.374192 0.374475 0.432851 0.418975 0.341810 0.394047 0.292757 0.386164 0.339363 0.326255 0.326646 0.388752 0.282279 0.369296 0.381467 0.388307 0.358889 0.374151 0.426282 0.391244
0.358464 0.349126 0.359416 0.364129 0.353050 0.354083 0.383928 0.298875 0.345675 0.374731 0.253627 0.356596 0.375970 0.362137 0.292397 0.403064 0.345120 0.335205 0.292216 0.336613 0.324825 0.302380 0.360806 0.297371 0.378275 0.335340 0.307258 0.399121 0.341417 0.431781 0.414969 0.323004 0.369006 0.307585 0.433416 0.373910 0.301677 0.350774
0.333388 0.340136 0.334335 0.294763 0.303606 0.318325 0.340640 0.372770 0.301462 0.350827 0.356596 0.242914 0.358984 0.320530 0.373309 0.361329 0.374742 0.343128 0.349730 0.370155 0.405788 0.396897 0.275569 0.370344 0.337957 0.348645 0.319242 0.370566 0.357804 0.423849 0.371861 0.362680 0.379097 0.365586 0.368789 0.371617 0.407075 0.367144
0.363590 0.296877 0.375255 0.374068 0.373616 0.380531 0.426294 0.393969 0.370164 0.371728 0.375970 0.358984     -nan 0.392104 0.368322 0.402660 0.381274 0.294212 0.362001 0.389188 0.431261 0.356638 0.353322 0.378620 0.373239 0.353233 0.280953 0.294462 0.379360 0.359766 0.394115 0.391100 0.401156 0.380682 0.437919 0.254916 0.434209 0.386152
0.348960 0.338601 0.239332 0.332217 0.218709 0.219414 0.285208 0.365222 0.315253 0.365657 0.362137 0.320530 0.392104     -nan 0.395827 0.345249 0.388594 0.345106 0.326038 0.349174 0.422018 0.387601 0.328014 0.364020 0.366563 0.368997 0.354392 0.371537 0.336782 0.403378 0.378858 0.365732 0.398631 0.359074 0.354675 0.375616 0.398087 0.373233
0.380406 0.365382 0.396825 0.369669 0.398281 0.389274 0.408580 0.309692 0.362733 0.416723 0.292397 0.373309 0.368322 0.395827     -nan 0.417194 0.384014 0.364471 0.304741 0.351775 0.329236 0.312062 0.369172 0.288704 0.395099 0.337253 0.304524 0.417679 0.331852 0.452013 0.454237 0.347024 0.392666 0.298258 0.432289 0.412848 0.285904 0.348460
0.373911 0.355990 0.351454 0.316690 0.317165 0.335370 0.365347 0.412218 0.328177 0.380952 0.403064 0.361329 0.402660 0.345249 0.417194     -nan 0.390029 0.369787 0.378519 0.387387 0.428641 0.407104 0.361263 0.404532 0.420287 0.379677 0.356970 0.422701 0.384958 0.475721 0.421287 0.390337 0.394513 0.410247 0.435007 0.413175 0.421774 0.366596
0.389685 0.357248 0.392953 0.377254 0.353905 0.373009 0.359619 0.360904 0.344716 0.392351 0.345120 0.374742 0.381274 0.388594 0.384014 0.390029     -nan 0.376496 0.332512 0.254577 0.385542 0.371780 0.387042 0.367003 0.407634 0.371578 0.337956 0.407147 0.381794 0.463444 0.428515 0.259403 0.315094 0.358276 0.450920 0.422484 0.384605 0.253797
0.312517 0.287537 0.344269 0.341168 0.334433 0.336616 0.382056 0.356157 0.325135 0.321244 0.335205 0.343128 0.294212 0.345106 0.364471 0.369787 0.376496     -nan 0.350913 0.382824 0.416036 0.345835 0.317506 0.357909 0.357904 0.331421 0.299616 0.304310 0.350564 0.332828 0.348439 0.354031 0.391979 0.373521 0.418267 0.307546 0.401530 0.375932
0.360527 0.351486 0.349059 0.346422 0.310055 0.330353 0.374224 0.293599 0.343104 0.374192 0.292216 0.349730 0.362001 0.326038 0.304741 0.378519 0.332512 0.350913     -nan 0.317104 0.321546 0.314381 0.366599 0.250627 0.363324 0.338311 0.300905 0.378105 0.311475 0.378906 0.384732 0.308747 0.327266 0.276081 0.410256 0.397206 0.284660 0.312140
0.368679 0.363163 0.372154 0.368888 0.348859 0.365843 0.356468 0.367368 0.340791 0.374475 0.336613 0.370155 0.389188 0.349174 0.351775 0.387387 0.254577 0.382824 0.317104     -nan 0.373499 0.369361 0.378287 0.356329 0.372872 0.356841 0.311889 0.403776 0.328367 0.471607 0.431706 0.251694 0.310518 0.345489 0.429893 0.423244 0.373571 0.265044
0.403407 0.407580 0.422154 0.409666 0.412617 0.410617 0.418361 0.343840 0.385909 0.432851 0.324825 0.405788 0.431261 0.422018 0.329236 0.428641 0.385542 0.416036 0.321546 0.373499     -nan 0.347578 0.421197 0.342395 0.440031 0.382953 0.304401 0.409239 0.382499 0.467635 0.446649 0.358290 0.397603 0.352863 0.511876 0.437767 0.364309 0.406566
0.391080 0.371813 0.377372 0.382398 0.371195 0.380119 0.442373 0.322947 0.364641 0.418975 0.302380 0.396897 0.356638 0.387601 0.312062 0.407104 0.371780 0.345835 0.314381 0.369361 0.347578     -nan 0.378066 0.305784 0.406502 0.351099 0.316716 0.407216 0.353774 0.464646 0.419055 0.347514 0.390899 0.316782 0.489356 0.409302 0.337356 0.365272
0.323396 0.333811 0.370722 0.279156 0.307570 0.333463 0.357599 0.362025 0.322848 0.341810 0.360806 0.275569 0.353322 0.328014 0.369172 0.361263 0.387042 0.317506 0.366599 0.378287 0.421197 0.378066     -nan 0.392208 0.336702 0.365148 0.310000 0.355389 0.345216 0.424185 0.367075 0.373440 0.379336 0.370741 0.229767 0.343786 0.390147 0.398843
0.372736 0.342831 0.391676 0.366182 0.356778 0.367651 0.417679 0.307467 0.362055 0.394047 0.297371 0.370344 0.378620 0.364020 0.288704 0.404532 0.367003 0.357909 0.250627 0.356329 0.342395 0.305784 0.392208     -nan 0.384461 0.330792 0.310539 0.385249 0.318913 0.445678 0.408832 0.345989 0.402362 0.285858 0.416983 0.386191 0.277549 0.348671
0.298342 0.347811 0.368046 0.361533 0.355573 0.367411 0.398168 0.379427 0.351993 0.292757 0.378275 0.337957 0.373239 0.366563 0.395099 0.420287 0.407634 0.357904 0.363324 0.372872 0.440031 0.406502 0.336702 0.384461     -nan 0.385039 0.321909 0.369688 0.331177 0.418707 0.309343 0.372266 0.388715 0.366440 0.343076 0.357955 0.415923 0.387800
0.365488 0.320583 0.382014 0.364762 0.371568 0.377460 0.403572 0.350641 0.348400 0.386164 0.335340 0.348645 0.353233 0.368997 0.337253 0.379677 0.371578 0.331421 0.338311 0.356841 0.382953 0.351099 0.365148 0.330792 0.385039 0.379043 0.305546 0.371614 0.331781 0.398427 0.395961 0.342752 0.383767 0.358417 0.418787 0.335386 0.366755 0.367661
0.327021 0.286455 0.345949 0.324785 0.336643 0.332865 0.372659 0.304435 0.319633 0.339363 0.307258 0.319242 0.280953 0.354392 0.304524 0.356970 0.337956 0.299616 0.300905 0.311889 0.304401 0.316716 0.310000 0.310539 0.321909 0.305546     -nan 0.314062 0.316298 0.396444 0.387780 0.312662 0.329641 0.319525 0.396872 0.320834 0.312895 0.331220
0.352591 0.302359 0.405009 0.405117 0.382866 0.393014 0.415089 0.419287 0.373306 0.326255 0.399121 0.370566 0.294462 0.371537 0.417679 0.422701 0.407147 0.304310 0.378105 0.403776 0.409239 0.407216 0.355389 0.385249 0.369688 0.371614 0.314062     -nan 0.360498 0.409091 0.371126 0.377616 0.405472 0.380074 0.392442 0.275773 0.432394 0.394509
0.337409 0.327057 0.362842 0.346796 0.314942 0.351057 0.404503 0.340822 0.336947 0.326646 0.341417 0.357804 0.379360 0.336782 0.331852 0.384958 0.381794 0.350564 0.311475 0.328367 0.382499 0.353774 0.345216 0.318913 0.331177 0.331781 0.316298 0.360498     -nan 0.390488 0.327404 0.319272 0.367654 0.333957 0.381101 0.368482 0.357527 0.361711
0.377859 0.415306 0.389496 0.436066 0.420048 0.427200 0.463307 0.443271 0.408605 0.388752 0.431781 0.423849 0.359766 0.403378 0.452013 0.475721 0.463444 0.332828 0.378906 0.471607 0.467635 0.464646 0.424185 0.445678 0.418707 0.398427 0.396444 0.409091 0.390488     -nan 0.428513 0.469009 0.489267 0.432668 0.471202 0.354632 0.449506 0.445532
0.292857 0.413349 0.376537 0.384817 0.361337 0.391627 0.402611 0.416265 0.378010 0.282279 0.414969 0.371861 0.394115 0.378858 0.454237 0.421287 0.428515 0.348439 0.384732 0.431706 0.446649 0.419055 0.367075 0.408832 0.309343 0.395961 0.387780 0.371126 0.327404 0.428513     -nan 0.413375 0.422083 0.391379 0.397165 0.382288 0.428259 0.417982
0.369463 0.340823 0.367920 0.369808 0.344931 0.355252 0.341410 0.346840 0.335017 0.369296 0.323004 0.362680 0.391100 0.365732 0.347024 0.390337 0.259403 0.354031 0.308747 0.251694 0.358290 0.347514 0.373440 0.345989 0.372266 0.342752 0.312662 0.377616 0.319272 0.469009 0.413375     -nan 0.299981 0.358543 0.405704 0.424759 0.401875 0.270590
0.382972 0.393724 0.424512 0.384791 0.376063 0.383751 0.388779 0.399751 0.370969 0.381467 0.369006 0.379097 0.401156 0.398631 0.392666 0.394513 0.315094 0.391979 0.327266 0.310518 0.397603 0.390899 0.379336 0.402362 0.388715 0.383767 0.329641 0.405472 0.367654 0.489267 0.422083 0.299981     -nan 0.376099 0.458458 0.410354 0.407503 0.265784
0.365267 0.364654 0.410453 0.358257 0.357015 0.368556 0.411729 0.315563 0.355779 0.388307 0.307585 0.365586 0.380682 0.359074 0.298258 0.410247 0.358276 0.373521 0.276081 0.345489 0.352863 0.316782 0.370741 0.285858 0.366440 0.358417 0.319525 0.380074 0.333957 0.432668 0.391379 0.358543 0.376099     -nan 0.409517 0.401977 0.301016 0.348816
0.368245 0.384171 0.400936 0.378615 0.342815 0.386049 0.401841 0.428964 0.386167 0.358889 0.433416 0.368789 0.437919 0.354675 0.432289 0.435007 0.450920 0.418267 0.410256 0.429893 0.511876 0.489356 0.229767 0.416983 0.343076 0.418787 0.396872 0.392442 0.381101 0.471202 0.397165 0.405704 0.458458 0.409517     -nan 0.421816 0.458187 0.458190
0.345916 0.299081 0.395794 0.381909 0.391694 0.392229 0.415499 0.407138 0.365158 0.374151 0.373910 0.371617 0.254916 0.375616 0.412848 0.413175 0.422484 0.307546 0.397206 0.423244 0.437767 0.409302 0.343786 0.386191 0.357955 0.335386 0.320834 0.275773 0.368482 0.354632 0.382288 0.424759 0.410354 0.401977 0.421816     -nan 0.418561 0.420817
0.390060 0.411050 0.401606 0.386095 0.404506 0.393328 0.433710 0.269632 0.379568 0.426282 0.301677 0.407075 0.434209 0.398087 0.285904 0.421774 0.384605 0.401530 0.284660 0.373571 0.364309 0.337356 0.390147 0.277549 0.415923 0.366755 0.312895 0.432394 0.357527 0.449506 0.428259 0.401875 0.407503 0.301016 0.458187 0.418561     -nan 0.378050
0.372745 0.358491 0.397563 0.370182 0.355013 0.372361 0.383760 0.363663 0.366712 0.391244 0.350774 0.367144 0.386152 0.373233 0.348460 0.366596 0.253797 0.375932 0.312140 0.265044 0.406566 0.365272 0.398843 0.348671 0.387800 0.367661 0.331220 0.394509 0.361711 0.445532 0.417982 0.270590 0.265784 0.348816 0.458190 0.420817 0.378050     -nan
